   0.0000000e+00   0.0000000e+00
   2.1111111e+01   6.3126762e+01
   4.2222222e+01   8.0649735e+01
   6.3333333e+01   8.9467255e+01
   8.4444444e+01   9.3371444e+01
   1.0555556e+02   9.4268994e+01
   1.2666667e+02   9.3335548e+01
   1.4777778e+02   9.1310518e+01
   1.6888889e+02   8.8659175e+01
   1.9000000e+02   8.5673313e+01
   2.0000000e+02   8.4197554e+01
   2.9600000e+02   7.0077916e+01
   3.9200000e+02   5.7898901e+01
   4.8800000e+02   4.7948966e+01
   5.8400000e+02   3.9889610e+01
   6.8000000e+02   3.3372142e+01
   7.7600000e+02   2.8103609e+01
   8.7200000e+02   2.3845187e+01
   9.6800000e+02   2.0403361e+01
   1.0640000e+03   1.7621590e+01
   1.1600000e+03   1.5373306e+01
   1.2560000e+03   1.3556205e+01
   1.3520000e+03   1.2087593e+01
   1.4480000e+03   1.0900637e+01
   1.5440000e+03   9.9413211e+00
   1.6400000e+03   9.1659865e+00
   1.7360000e+03   8.5393488e+00
   1.8320000e+03   8.0328903e+00
   1.9280000e+03   7.6235626e+00
   2.0240000e+03   7.2927375e+00
   2.1200000e+03   7.0253594e+00
   2.2160000e+03   6.8092602e+00
   2.3120000e+03   6.6346055e+00
   2.4080000e+03   6.4934467e+00
   2.5040000e+03   6.3793600e+00
   2.6000000e+03   6.2871533e+00
   2.6960000e+03   6.2126304e+00
   2.7920000e+03   6.1523999e+00
   2.8880000e+03   6.1037205e+00
   2.9840000e+03   6.0643772e+00
   3.0800000e+03   6.0325792e+00
   3.1760000e+03   6.0068796e+00
   3.2720000e+03   5.9861088e+00
   3.3680000e+03   5.9693215e+00
   3.4640000e+03   5.9557537e+00
   3.5600000e+03   5.9447881e+00
   3.6560000e+03   5.9359254e+00
   3.7520000e+03   5.9287625e+00
   3.8480000e+03   5.9229733e+00
   3.9440000e+03   5.9182944e+00
   4.0400000e+03   5.9145128e+00
   4.1360000e+03   5.9114565e+00
   4.2320000e+03   5.9089863e+00
   4.3280000e+03   5.9069899e+00
   4.4240000e+03   5.9053764e+00
   4.5200000e+03   5.9040723e+00
   4.6160000e+03   5.9030183e+00
   4.7120000e+03   5.9021664e+00
   4.8080000e+03   5.9014780e+00
   4.9040000e+03   5.9009215e+00
   5.0000000e+03   5.9004718e+00
