   0.0000000e+00   0.0000000e+00
   2.1111111e+01  -3.3069067e+01
   4.2222222e+01  -4.8039012e+01
   6.3333333e+01  -5.8987968e+01
   8.4444444e+01  -6.7571308e+01
   1.0555556e+02  -7.4581003e+01
   1.2666667e+02  -8.0506439e+01
   1.4777778e+02  -8.5664783e+01
   1.6888889e+02  -9.0264935e+01
   1.9000000e+02  -9.4446045e+01
   2.0000000e+02  -9.6308550e+01
   2.9600000e+02  -1.1155476e+02
   3.9200000e+02  -1.2362900e+02
   4.8800000e+02  -1.3349666e+02
   5.8400000e+02  -1.4161612e+02
   6.8000000e+02  -1.4830807e+02
   7.7600000e+02  -1.5382604e+02
   8.7200000e+02  -1.5837669e+02
   9.6800000e+02  -1.6212981e+02
   1.0640000e+03  -1.6522525e+02
   1.1600000e+03  -1.6777828e+02
   1.2560000e+03  -1.6988396e+02
   1.3520000e+03  -1.7162068e+02
   1.4480000e+03  -1.7305308e+02
   1.5440000e+03  -1.7423450e+02
   1.6400000e+03  -1.7520892e+02
   1.7360000e+03  -1.7601259e+02
   1.8320000e+03  -1.7667545e+02
   1.9280000e+03  -1.7722216e+02
   2.0240000e+03  -1.7767308e+02
   2.1200000e+03  -1.7804498e+02
   2.2160000e+03  -1.7835172e+02
   2.3120000e+03  -1.7860472e+02
   2.4080000e+03  -1.7881338e+02
   2.5040000e+03  -1.7898549e+02
   2.6000000e+03  -1.7912744e+02
   2.6960000e+03  -1.7924451e+02
   2.7920000e+03  -1.7934107e+02
   2.8880000e+03  -1.7942071e+02
   2.9840000e+03  -1.7948640e+02
   3.0800000e+03  -1.7954058e+02
   3.1760000e+03  -1.7958526e+02
   3.2720000e+03  -1.7962212e+02
   3.3680000e+03  -1.7965252e+02
   3.4640000e+03  -1.7967759e+02
   3.5600000e+03  -1.7969827e+02
   3.6560000e+03  -1.7971532e+02
   3.7520000e+03  -1.7972939e+02
   3.8480000e+03  -1.7974099e+02
   3.9440000e+03  -1.7975056e+02
   4.0400000e+03  -1.7975845e+02
   4.1360000e+03  -1.7976496e+02
   4.2320000e+03  -1.7977033e+02
   4.3280000e+03  -1.7977476e+02
   4.4240000e+03  -1.7977841e+02
   4.5200000e+03  -1.7978142e+02
   4.6160000e+03  -1.7978391e+02
   4.7120000e+03  -1.7978596e+02
   4.8080000e+03  -1.7978765e+02
   4.9040000e+03  -1.7978904e+02
   5.0000000e+03  -1.7979019e+02
