   0.0000000e+00   0.0000000e+00
   2.1111111e+01  -1.6925212e+00
   4.2222222e+01  -2.4819906e+00
   6.3333333e+01  -3.0707894e+00
   8.4444444e+01  -3.5371160e+00
   1.0555556e+02  -3.9177057e+00
   1.2666667e+02  -4.2365835e+00
   1.4777778e+02  -4.5103630e+00
   1.6888889e+02  -4.7506366e+00
   1.9000000e+02  -4.9655169e+00
   2.0000000e+02  -5.0601487e+00
   2.9600000e+02  -5.8123662e+00
   3.9200000e+02  -6.3860520e+00
   4.8800000e+02  -6.8432284e+00
   5.8400000e+02  -7.2110117e+00
   6.8000000e+02  -7.5074123e+00
   7.7600000e+02  -7.7463494e+00
   8.7200000e+02  -7.9389653e+00
   9.6800000e+02  -8.0942372e+00
   1.0640000e+03  -8.2194037e+00
   1.1600000e+03  -8.3203012e+00
   1.2560000e+03  -8.4016353e+00
   1.3520000e+03  -8.4671990e+00
   1.4480000e+03  -8.5200501e+00
   1.5440000e+03  -8.5626536e+00
   1.6400000e+03  -8.5969964e+00
   1.7360000e+03  -8.6246803e+00
   1.8320000e+03  -8.6469963e+00
   1.9280000e+03  -8.6649854e+00
   2.0240000e+03  -8.6794864e+00
   2.1200000e+03  -8.6911757e+00
   2.2160000e+03  -8.7005985e+00
   2.3120000e+03  -8.7081943e+00
   2.4080000e+03  -8.7143173e+00
   2.5040000e+03  -8.7192530e+00
   2.6000000e+03  -8.7232317e+00
   2.6960000e+03  -8.7264390e+00
   2.7920000e+03  -8.7290244e+00
   2.8880000e+03  -8.7311085e+00
   2.9840000e+03  -8.7327885e+00
   3.0800000e+03  -8.7341427e+00
   3.1760000e+03  -8.7352344e+00
   3.2720000e+03  -8.7361144e+00
   3.3680000e+03  -8.7368237e+00
   3.4640000e+03  -8.7373956e+00
   3.5600000e+03  -8.7378565e+00
   3.6560000e+03  -8.7382281e+00
   3.7520000e+03  -8.7385276e+00
   3.8480000e+03  -8.7387690e+00
   3.9440000e+03  -8.7389637e+00
   4.0400000e+03  -8.7391206e+00
   4.1360000e+03  -8.7392470e+00
   4.2320000e+03  -8.7393490e+00
   4.3280000e+03  -8.7394312e+00
   4.4240000e+03  -8.7394974e+00
   4.5200000e+03  -8.7395508e+00
   4.6160000e+03  -8.7395939e+00
   4.7120000e+03  -8.7396286e+00
   4.8080000e+03  -8.7396565e+00
   4.9040000e+03  -8.7396791e+00
   5.0000000e+03  -8.7396973e+00
