   0.0000000e+00   0.0000000e+00
   2.1111111e+01   2.5811122e+00
   4.2222222e+01   1.4919729e+01
   6.3333333e+01   3.1817316e+01
   8.4444444e+01   5.0405584e+01
   1.0555556e+02   6.9470120e+01
   1.2666667e+02   8.8408010e+01
   1.4777778e+02   1.0690460e+02
   1.6888889e+02   1.2479961e+02
   1.9000000e+02   1.4201894e+02
   2.0000000e+02   1.4993105e+02
   2.9600000e+02   2.1807712e+02
   3.9200000e+02   2.7365430e+02
   4.8800000e+02   3.1900638e+02
   5.8400000e+02   3.5606093e+02
   6.8000000e+02   3.8635546e+02
   7.7600000e+02   4.1113026e+02
   8.7200000e+02   4.3139351e+02
   9.6800000e+02   4.4796762e+02
   1.0640000e+03   4.6152455e+02
   1.1600000e+03   4.7261367e+02
   1.2560000e+03   4.8168424e+02
   1.3520000e+03   4.8910371e+02
   1.4480000e+03   4.9517264e+02
   1.5440000e+03   5.0013687e+02
   1.6400000e+03   5.0419748e+02
   1.7360000e+03   5.0751895e+02
   1.8320000e+03   5.1023583e+02
   1.9280000e+03   5.1245817e+02
   2.0240000e+03   5.1427599e+02
   2.1200000e+03   5.1576292e+02
   2.2160000e+03   5.1697920e+02
   2.3120000e+03   5.1797408e+02
   2.4080000e+03   5.1878786e+02
   2.5040000e+03   5.1945352e+02
   2.6000000e+03   5.1999801e+02
   2.6960000e+03   5.2044340e+02
   2.7920000e+03   5.2080771e+02
   2.8880000e+03   5.2110570e+02
   2.9840000e+03   5.2134946e+02
   3.0800000e+03   5.2154884e+02
   3.1760000e+03   5.2171193e+02
   3.2720000e+03   5.2184534e+02
   3.3680000e+03   5.2195446e+02
   3.4640000e+03   5.2204372e+02
   3.5600000e+03   5.2211673e+02
   3.6560000e+03   5.2217645e+02
   3.7520000e+03   5.2222531e+02
   3.8480000e+03   5.2226526e+02
   3.9440000e+03   5.2229795e+02
   4.0400000e+03   5.2232469e+02
   4.1360000e+03   5.2234656e+02
   4.2320000e+03   5.2236444e+02
   4.3280000e+03   5.2237908e+02
   4.4240000e+03   5.2239105e+02
   4.5200000e+03   5.2240084e+02
   4.6160000e+03   5.2240884e+02
   4.7120000e+03   5.2241539e+02
   4.8080000e+03   5.2242075e+02
   4.9040000e+03   5.2242514e+02
   5.0000000e+03   5.2242872e+02
