   0.0000000e+00   0.0000000e+00
   2.1111111e+01  -8.3615468e-03
   4.2222222e+01   7.6362527e-02
   6.3333333e+01   2.5674542e-01
   8.4444444e+01   4.9824016e-01
   1.0555556e+02   7.7635357e-01
   1.2666667e+02   1.0751126e+00
   1.4777778e+02   1.3839381e+00
   1.6888889e+02   1.6957606e+00
   1.9000000e+02   2.0058657e+00
   2.0000000e+02   2.1512171e+00
   2.9600000e+02   3.4593670e+00
   3.9200000e+02   4.5794381e+00
   4.8800000e+02   5.5204336e+00
   5.8400000e+02   6.3074066e+00
   6.8000000e+02   6.9647713e+00
   7.7600000e+02   7.5136727e+00
   8.7200000e+02   7.9719500e+00
   9.6800000e+02   8.3545478e+00
   1.0640000e+03   8.6739580e+00
   1.1600000e+03   8.9406144e+00
   1.2560000e+03   9.1632291e+00
   1.3520000e+03   9.3490759e+00
   1.4480000e+03   9.5042276e+00
   1.5440000e+03   9.6337537e+00
   1.6400000e+03   9.7418867e+00
   1.7360000e+03   9.8321599e+00
   1.8320000e+03   9.9075233e+00
   1.9280000e+03   9.9704393e+00
   2.0240000e+03   1.0022964e+01
   2.1200000e+03   1.0066813e+01
   2.2160000e+03   1.0103420e+01
   2.3120000e+03   1.0133981e+01
   2.4080000e+03   1.0159494e+01
   2.5040000e+03   1.0180794e+01
   2.6000000e+03   1.0198575e+01
   2.6960000e+03   1.0213420e+01
   2.7920000e+03   1.0225812e+01
   2.8880000e+03   1.0236158e+01
   2.9840000e+03   1.0244796e+01
   3.0800000e+03   1.0252006e+01
   3.1760000e+03   1.0258026e+01
   3.2720000e+03   1.0263051e+01
   3.3680000e+03   1.0267247e+01
   3.4640000e+03   1.0270749e+01
   3.5600000e+03   1.0273673e+01
   3.6560000e+03   1.0276114e+01
   3.7520000e+03   1.0278152e+01
   3.8480000e+03   1.0279853e+01
   3.9440000e+03   1.0281274e+01
   4.0400000e+03   1.0282459e+01
   4.1360000e+03   1.0283449e+01
   4.2320000e+03   1.0284276e+01
   4.3280000e+03   1.0284966e+01
   4.4240000e+03   1.0285542e+01
   4.5200000e+03   1.0286022e+01
   4.6160000e+03   1.0286424e+01
   4.7120000e+03   1.0286759e+01
   4.8080000e+03   1.0287039e+01
   4.9040000e+03   1.0287272e+01
   5.0000000e+03   1.0287467e+01
