   0.0000000e+00   0.0000000e+00
   2.1111111e+01   1.0359953e+01
   4.2222222e+01   1.0800917e+01
   6.3333333e+01   1.0835459e+01
   8.4444444e+01   1.0775887e+01
   1.0555556e+02   1.0706000e+01
   1.2666667e+02   1.0646529e+01
   1.4777778e+02   1.0600203e+01
   1.6888889e+02   1.0565207e+01
   1.9000000e+02   1.0539050e+01
   2.0000000e+02   1.0529100e+01
   2.9600000e+02   1.0479914e+01
   3.9200000e+02   1.0466752e+01
   4.8800000e+02   1.0463179e+01
   5.8400000e+02   1.0462204e+01
   6.8000000e+02   1.0461937e+01
   7.7600000e+02   1.0461864e+01
   8.7200000e+02   1.0461844e+01
   9.6800000e+02   1.0461839e+01
   1.0640000e+03   1.0461837e+01
   1.1600000e+03   1.0461837e+01
   1.2560000e+03   1.0461837e+01
   1.3520000e+03   1.0461837e+01
   1.4480000e+03   1.0461837e+01
   1.5440000e+03   1.0461837e+01
   1.6400000e+03   1.0461837e+01
   1.7360000e+03   1.0461837e+01
   1.8320000e+03   1.0461837e+01
   1.9280000e+03   1.0461837e+01
   2.0240000e+03   1.0461837e+01
   2.1200000e+03   1.0461837e+01
   2.2160000e+03   1.0461837e+01
   2.3120000e+03   1.0461837e+01
   2.4080000e+03   1.0461837e+01
   2.5040000e+03   1.0461837e+01
   2.6000000e+03   1.0461837e+01
   2.6960000e+03   1.0461837e+01
   2.7920000e+03   1.0461837e+01
   2.8880000e+03   1.0461837e+01
   2.9840000e+03   1.0461837e+01
   3.0800000e+03   1.0461837e+01
   3.1760000e+03   1.0461837e+01
   3.2720000e+03   1.0461837e+01
   3.3680000e+03   1.0461837e+01
   3.4640000e+03   1.0461837e+01
   3.5600000e+03   1.0461837e+01
   3.6560000e+03   1.0461837e+01
   3.7520000e+03   1.0461837e+01
   3.8480000e+03   1.0461837e+01
   3.9440000e+03   1.0461837e+01
   4.0400000e+03   1.0461837e+01
   4.1360000e+03   1.0461837e+01
   4.2320000e+03   1.0461837e+01
   4.3280000e+03   1.0461837e+01
   4.4240000e+03   1.0461837e+01
   4.5200000e+03   1.0461837e+01
   4.6160000e+03   1.0461837e+01
   4.7120000e+03   1.0461837e+01
   4.8080000e+03   1.0461837e+01
   4.9040000e+03   1.0461837e+01
   5.0000000e+03   1.0461837e+01
