   0.0000000e+00   0.0000000e+00
   2.1111111e+01  -1.0475014e+02
   4.2222222e+01  -1.3451724e+02
   6.3333333e+01  -1.4666307e+02
   8.4444444e+01  -1.4875907e+02
   1.0555556e+02  -1.4516794e+02
   1.2666667e+02  -1.3846575e+02
   1.4777778e+02  -1.3015214e+02
   1.6888889e+02  -1.2109384e+02
   1.9000000e+02  -1.1178807e+02
   2.0000000e+02  -1.0738028e+02
   2.9600000e+02  -6.7807302e+01
   3.9200000e+02  -3.4839167e+01
   4.8800000e+02  -7.8714587e+00
   5.8400000e+02   1.4169061e+01
   6.8000000e+02   3.2189747e+01
   7.7600000e+02   4.6927431e+01
   8.7200000e+02   5.8981573e+01
   9.6800000e+02   6.8841280e+01
   1.0640000e+03   7.6906201e+01
   1.1600000e+03   8.3503095e+01
   1.2560000e+03   8.8899196e+01
   1.3520000e+03   9.3313081e+01
   1.4480000e+03   9.6923536e+01
   1.5440000e+03   9.9876803e+01
   1.6400000e+03   1.0229251e+02
   1.7360000e+03   1.0426849e+02
   1.8320000e+03   1.0588480e+02
   1.9280000e+03   1.0720691e+02
   2.0240000e+03   1.0828835e+02
   2.1200000e+03   1.0917295e+02
   2.2160000e+03   1.0989653e+02
   2.3120000e+03   1.1048840e+02
   2.4080000e+03   1.1097254e+02
   2.5040000e+03   1.1136855e+02
   2.6000000e+03   1.1169248e+02
   2.6960000e+03   1.1195744e+02
   2.7920000e+03   1.1217417e+02
   2.8880000e+03   1.1235146e+02
   2.9840000e+03   1.1249647e+02
   3.0800000e+03   1.1261509e+02
   3.1760000e+03   1.1271211e+02
   3.2720000e+03   1.1279148e+02
   3.3680000e+03   1.1285640e+02
   3.4640000e+03   1.1290950e+02
   3.5600000e+03   1.1295294e+02
   3.6560000e+03   1.1298847e+02
   3.7520000e+03   1.1301753e+02
   3.8480000e+03   1.1304130e+02
   3.9440000e+03   1.1306075e+02
   4.0400000e+03   1.1307665e+02
   4.1360000e+03   1.1308966e+02
   4.2320000e+03   1.1310030e+02
   4.3280000e+03   1.1310901e+02
   4.4240000e+03   1.1311613e+02
   4.5200000e+03   1.1312195e+02
   4.6160000e+03   1.1312672e+02
   4.7120000e+03   1.1313062e+02
   4.8080000e+03   1.1313380e+02
   4.9040000e+03   1.1313641e+02
   5.0000000e+03   1.1313854e+02
