   0.0000000e+00   0.0000000e+00
   2.1111111e+01  -8.2916617e+01
   4.2222222e+01  -1.1977004e+02
   6.3333333e+01  -1.4595894e+02
   8.4444444e+01  -1.6582590e+02
   1.0555556e+02  -1.8162513e+02
   1.2666667e+02  -1.9473445e+02
   1.4777778e+02  -2.0601301e+02
   1.6888889e+02  -2.1600179e+02
   1.9000000e+02  -2.2504495e+02
   2.0000000e+02  -2.2906563e+02
   2.9600000e+02  -2.6182265e+02
   3.9200000e+02  -2.8743365e+02
   4.8800000e+02  -3.0799373e+02
   5.8400000e+02  -3.2458183e+02
   6.8000000e+02  -3.3798106e+02
   7.7600000e+02  -3.4880829e+02
   8.7200000e+02  -3.5755834e+02
   9.6800000e+02  -3.6463006e+02
   1.0640000e+03  -3.7034548e+02
   1.1600000e+03  -3.7496477e+02
   1.2560000e+03  -3.7869815e+02
   1.3520000e+03  -3.8171553e+02
   1.4480000e+03  -3.8415423e+02
   1.5440000e+03  -3.8612523e+02
   1.6400000e+03  -3.8771823e+02
   1.7360000e+03  -3.8900571e+02
   1.8320000e+03  -3.9004628e+02
   1.9280000e+03  -3.9088728e+02
   2.0240000e+03  -3.9156699e+02
   2.1200000e+03  -3.9211635e+02
   2.2160000e+03  -3.9256034e+02
   2.3120000e+03  -3.9291919e+02
   2.4080000e+03  -3.9320921e+02
   2.5040000e+03  -3.9344362e+02
   2.6000000e+03  -3.9363306e+02
   2.6960000e+03  -3.9378618e+02
   2.7920000e+03  -3.9390993e+02
   2.8880000e+03  -3.9400994e+02
   2.9840000e+03  -3.9409078e+02
   3.0800000e+03  -3.9415611e+02
   3.1760000e+03  -3.9420891e+02
   3.2720000e+03  -3.9425159e+02
   3.3680000e+03  -3.9428608e+02
   3.4640000e+03  -3.9431396e+02
   3.5600000e+03  -3.9433649e+02
   3.6560000e+03  -3.9435470e+02
   3.7520000e+03  -3.9436941e+02
   3.8480000e+03  -3.9438131e+02
   3.9440000e+03  -3.9439092e+02
   4.0400000e+03  -3.9439869e+02
   4.1360000e+03  -3.9440497e+02
   4.2320000e+03  -3.9441005e+02
   4.3280000e+03  -3.9441415e+02
   4.4240000e+03  -3.9441746e+02
   4.5200000e+03  -3.9442014e+02
   4.6160000e+03  -3.9442231e+02
   4.7120000e+03  -3.9442406e+02
   4.8080000e+03  -3.9442547e+02
   4.9040000e+03  -3.9442662e+02
   5.0000000e+03  -3.9442754e+02
