   0.0000000e+00   0.0000000e+00
   2.1111111e+01  -8.2858926e+01
   4.2222222e+01  -1.1967696e+02
   6.3333333e+01  -1.4583805e+02
   8.4444444e+01  -1.6568250e+02
   1.0555556e+02  -1.8146296e+02
   1.2666667e+02  -1.9455611e+02
   1.4777778e+02  -2.0582035e+02
   1.6888889e+02  -2.1579611e+02
   1.9000000e+02  -2.2482723e+02
   2.0000000e+02  -2.2884249e+02
   2.9600000e+02  -2.6155363e+02
   3.9200000e+02  -2.8712685e+02
   4.8800000e+02  -3.0765548e+02
   5.8400000e+02  -3.2421754e+02
   6.8000000e+02  -3.3759531e+02
   7.7600000e+02  -3.4840494e+02
   8.7200000e+02  -3.5714060e+02
   9.6800000e+02  -3.6420059e+02
   1.0640000e+03  -3.6990647e+02
   1.1600000e+03  -3.7451800e+02
   1.2560000e+03  -3.7824509e+02
   1.3520000e+03  -3.8125737e+02
   1.4480000e+03  -3.8369193e+02
   1.5440000e+03  -3.8565958e+02
   1.6400000e+03  -3.8724987e+02
   1.7360000e+03  -3.8853516e+02
   1.8320000e+03  -3.8957395e+02
   1.9280000e+03  -3.9041352e+02
   2.0240000e+03  -3.9109207e+02
   2.1200000e+03  -3.9164049e+02
   2.2160000e+03  -3.9208372e+02
   2.3120000e+03  -3.9244196e+02
   2.4080000e+03  -3.9273148e+02
   2.5040000e+03  -3.9296549e+02
   2.6000000e+03  -3.9315461e+02
   2.6960000e+03  -3.9330746e+02
   2.7920000e+03  -3.9343100e+02
   2.8880000e+03  -3.9353085e+02
   2.9840000e+03  -3.9361154e+02
   3.0800000e+03  -3.9367676e+02
   3.1760000e+03  -3.9372947e+02
   3.2720000e+03  -3.9377208e+02
   3.3680000e+03  -3.9380651e+02
   3.4640000e+03  -3.9383434e+02
   3.5600000e+03  -3.9385683e+02
   3.6560000e+03  -3.9387501e+02
   3.7520000e+03  -3.9388970e+02
   3.8480000e+03  -3.9390157e+02
   3.9440000e+03  -3.9391117e+02
   4.0400000e+03  -3.9391893e+02
   4.1360000e+03  -3.9392520e+02
   4.2320000e+03  -3.9393026e+02
   4.3280000e+03  -3.9393436e+02
   4.4240000e+03  -3.9393767e+02
   4.5200000e+03  -3.9394034e+02
   4.6160000e+03  -3.9394250e+02
   4.7120000e+03  -3.9394425e+02
   4.8080000e+03  -3.9394566e+02
   4.9040000e+03  -3.9394680e+02
   5.0000000e+03  -3.9394773e+02
