   0.0000000e+00   0.0000000e+00
   2.1111111e+01   2.5832908e+00
   4.2222222e+01   1.4933894e+01
   6.3333333e+01   3.1849504e+01
   8.4444444e+01   5.0458889e+01
   1.0555556e+02   6.9546122e+01
   1.2666667e+02   8.8507401e+01
   1.4777778e+02   1.0702753e+02
   1.6888889e+02   1.2494588e+02
   1.9000000e+02   1.4218817e+02
   2.0000000e+02   1.5011097e+02
   2.9600000e+02   2.1835266e+02
   3.9200000e+02   2.7401196e+02
   4.8800000e+02   3.1943351e+02
   5.8400000e+02   3.5654632e+02
   6.8000000e+02   3.8688945e+02
   7.7600000e+02   4.1170458e+02
   8.7200000e+02   4.3200120e+02
   9.6800000e+02   4.4860285e+02
   1.0640000e+03   4.6218246e+02
   1.1600000e+03   4.7329023e+02
   1.2560000e+03   4.8237612e+02
   1.3520000e+03   4.8980816e+02
   1.4480000e+03   4.9588740e+02
   1.5440000e+03   5.0086007e+02
   1.6400000e+03   5.0492760e+02
   1.7360000e+03   5.0825474e+02
   1.8320000e+03   5.1097627e+02
   1.9280000e+03   5.1320241e+02
   2.0240000e+03   5.1502334e+02
   2.1200000e+03   5.1651281e+02
   2.2160000e+03   5.1773116e+02
   2.3120000e+03   5.1872775e+02
   2.4080000e+03   5.1954293e+02
   2.5040000e+03   5.2020973e+02
   2.6000000e+03   5.2075515e+02
   2.6960000e+03   5.2120130e+02
   2.7920000e+03   5.2156623e+02
   2.8880000e+03   5.2186474e+02
   2.9840000e+03   5.2210891e+02
   3.0800000e+03   5.2230864e+02
   3.1760000e+03   5.2247201e+02
   3.2720000e+03   5.2260564e+02
   3.3680000e+03   5.2271495e+02
   3.4640000e+03   5.2280436e+02
   3.5600000e+03   5.2287750e+02
   3.6560000e+03   5.2293733e+02
   3.7520000e+03   5.2298626e+02
   3.8480000e+03   5.2302629e+02
   3.9440000e+03   5.2305903e+02
   4.0400000e+03   5.2308581e+02
   4.1360000e+03   5.2310772e+02
   4.2320000e+03   5.2312564e+02
   4.3280000e+03   5.2314029e+02
   4.4240000e+03   5.2315228e+02
   4.5200000e+03   5.2316209e+02
   4.6160000e+03   5.2317011e+02
   4.7120000e+03   5.2317667e+02
   4.8080000e+03   5.2318204e+02
   4.9040000e+03   5.2318643e+02
   5.0000000e+03   5.2319002e+02
