   0.0000000e+00   0.0000000e+00
   2.1111111e+01  -2.3826975e-01
   4.2222222e+01  -1.3877557e+00
   6.3333333e+01  -3.3849612e+00
   8.4444444e+01  -5.8731602e+00
   1.0555556e+02  -8.6191189e+00
   1.2666667e+02  -1.1480140e+01
   1.4777778e+02  -1.4368206e+01
   1.6888889e+02  -1.7229091e+01
   1.9000000e+02  -2.0029900e+01
   2.0000000e+02  -2.1329703e+01
   2.9600000e+02  -3.2749780e+01
   3.9200000e+02  -4.2246467e+01
   4.8800000e+02  -5.0078332e+01
   5.8400000e+02  -5.6533432e+01
   6.8000000e+02  -6.1855270e+01
   7.7600000e+02  -6.6243740e+01
   8.7200000e+02  -6.9862932e+01
   9.6800000e+02  -7.2847845e+01
   1.0640000e+03  -7.5309693e+01
   1.1600000e+03  -7.7340158e+01
   1.2560000e+03  -7.9014836e+01
   1.3520000e+03  -8.0396073e+01
   1.4480000e+03  -8.1535289e+01
   1.5440000e+03  -8.2474891e+01
   1.6400000e+03  -8.3249855e+01
   1.7360000e+03  -8.3889031e+01
   1.8320000e+03  -8.4416210e+01
   1.9280000e+03  -8.4851017e+01
   2.0240000e+03  -8.5209638e+01
   2.1200000e+03  -8.5505421e+01
   2.2160000e+03  -8.5749378e+01
   2.3120000e+03  -8.5950589e+01
   2.4080000e+03  -8.6116543e+01
   2.5040000e+03  -8.6253419e+01
   2.6000000e+03  -8.6366312e+01
   2.6960000e+03  -8.6459424e+01
   2.7920000e+03  -8.6536221e+01
   2.8880000e+03  -8.6599562e+01
   2.9840000e+03  -8.6651804e+01
   3.0800000e+03  -8.6694893e+01
   3.1760000e+03  -8.6730431e+01
   3.2720000e+03  -8.6759742e+01
   3.3680000e+03  -8.6783918e+01
   3.4640000e+03  -8.6803857e+01
   3.5600000e+03  -8.6820303e+01
   3.6560000e+03  -8.6833867e+01
   3.7520000e+03  -8.6845055e+01
   3.8480000e+03  -8.6854282e+01
   3.9440000e+03  -8.6861892e+01
   4.0400000e+03  -8.6868169e+01
   4.1360000e+03  -8.6873346e+01
   4.2320000e+03  -8.6877616e+01
   4.3280000e+03  -8.6881138e+01
   4.4240000e+03  -8.6884043e+01
   4.5200000e+03  -8.6886439e+01
   4.6160000e+03  -8.6888415e+01
   4.7120000e+03  -8.6890044e+01
   4.8080000e+03  -8.6891388e+01
   4.9040000e+03  -8.6892497e+01
   5.0000000e+03  -8.6893412e+01
