   0.0000000e+00   0.0000000e+00
   2.1111111e+01  -3.4646956e+01
   4.2222222e+01  -5.1047840e+01
   6.3333333e+01  -6.3368494e+01
   8.4444444e+01  -7.3229594e+01
   1.0555556e+02  -8.1419632e+01
   1.2666667e+02  -8.8439322e+01
   1.4777778e+02  -9.4620345e+01
   1.6888889e+02  -1.0018461e+02
   1.9000000e+02  -1.0528142e+02
   2.0000000e+02  -1.0756300e+02
   2.9600000e+02  -1.2644952e+02
   3.9200000e+02  -1.4158877e+02
   4.8800000e+02  -1.5402402e+02
   5.8400000e+02  -1.6427796e+02
   6.8000000e+02  -1.7273672e+02
   7.7600000e+02  -1.7971421e+02
   8.7200000e+02  -1.8546946e+02
   9.6800000e+02  -1.9021642e+02
   1.0640000e+03  -1.9413167e+02
   1.1600000e+03  -1.9736091e+02
   1.2560000e+03  -2.0002432e+02
   1.3520000e+03  -2.0222106e+02
   1.4480000e+03  -2.0403290e+02
   1.5440000e+03  -2.0552726e+02
   1.6400000e+03  -2.0675978e+02
   1.7360000e+03  -2.0777634e+02
   1.8320000e+03  -2.0861478e+02
   1.9280000e+03  -2.0930631e+02
   2.0240000e+03  -2.0987667e+02
   2.1200000e+03  -2.1034710e+02
   2.2160000e+03  -2.1073509e+02
   2.3120000e+03  -2.1105510e+02
   2.4080000e+03  -2.1131904e+02
   2.5040000e+03  -2.1153674e+02
   2.6000000e+03  -2.1171628e+02
   2.6960000e+03  -2.1186437e+02
   2.7920000e+03  -2.1198651e+02
   2.8880000e+03  -2.1208725e+02
   2.9840000e+03  -2.1217034e+02
   3.0800000e+03  -2.1223887e+02
   3.1760000e+03  -2.1229539e+02
   3.2720000e+03  -2.1234201e+02
   3.3680000e+03  -2.1238046e+02
   3.4640000e+03  -2.1241217e+02
   3.5600000e+03  -2.1243833e+02
   3.6560000e+03  -2.1245990e+02
   3.7520000e+03  -2.1247769e+02
   3.8480000e+03  -2.1249237e+02
   3.9440000e+03  -2.1250447e+02
   4.0400000e+03  -2.1251445e+02
   4.1360000e+03  -2.1252269e+02
   4.2320000e+03  -2.1252948e+02
   4.3280000e+03  -2.1253508e+02
   4.4240000e+03  -2.1253970e+02
   4.5200000e+03  -2.1254351e+02
   4.6160000e+03  -2.1254665e+02
   4.7120000e+03  -2.1254924e+02
   4.8080000e+03  -2.1255138e+02
   4.9040000e+03  -2.1255315e+02
   5.0000000e+03  -2.1255460e+02
