   0.0000000e+00   0.0000000e+00
   2.1111111e+01   2.0042888e+02
   4.2222222e+01   2.9132340e+02
   6.3333333e+01   3.5659364e+02
   8.4444444e+01   4.0716596e+02
   1.0555556e+02   4.4862637e+02
   1.2666667e+02   4.8422173e+02
   1.4777778e+02   5.1588655e+02
   1.6888889e+02   5.4478506e+02
   1.9000000e+02   5.7162406e+02
   2.0000000e+02   5.8375056e+02
   2.9600000e+02   6.8608814e+02
   3.9200000e+02   7.6913282e+02
   4.8800000e+02   8.3711010e+02
   5.8400000e+02   8.9275638e+02
   6.8000000e+02   9.3829066e+02
   7.7600000e+02   9.7554262e+02
   8.7200000e+02   1.0060159e+03
   9.6800000e+02   1.0309430e+03
   1.0640000e+03   1.0513330e+03
   1.1600000e+03   1.0680116e+03
   1.2560000e+03   1.0816544e+03
   1.3520000e+03   1.0928138e+03
   1.4480000e+03   1.1019419e+03
   1.5440000e+03   1.1094085e+03
   1.6400000e+03   1.1155160e+03
   1.7360000e+03   1.1205118e+03
   1.8320000e+03   1.1245982e+03
   1.9280000e+03   1.1279408e+03
   2.0240000e+03   1.1306749e+03
   2.1200000e+03   1.1329114e+03
   2.2160000e+03   1.1347408e+03
   2.3120000e+03   1.1362372e+03
   2.4080000e+03   1.1374612e+03
   2.5040000e+03   1.1384624e+03
   2.6000000e+03   1.1392813e+03
   2.6960000e+03   1.1399512e+03
   2.7920000e+03   1.1404992e+03
   2.8880000e+03   1.1409474e+03
   2.9840000e+03   1.1413140e+03
   3.0800000e+03   1.1416139e+03
   3.1760000e+03   1.1418592e+03
   3.2720000e+03   1.1420599e+03
   3.3680000e+03   1.1422240e+03
   3.4640000e+03   1.1423583e+03
   3.5600000e+03   1.1424681e+03
   3.6560000e+03   1.1425579e+03
   3.7520000e+03   1.1426314e+03
   3.8480000e+03   1.1426915e+03
   3.9440000e+03   1.1427406e+03
   4.0400000e+03   1.1427809e+03
   4.1360000e+03   1.1428138e+03
   4.2320000e+03   1.1428407e+03
   4.3280000e+03   1.1428627e+03
   4.4240000e+03   1.1428807e+03
   4.5200000e+03   1.1428954e+03
   4.6160000e+03   1.1429074e+03
   4.7120000e+03   1.1429173e+03
   4.8080000e+03   1.1429254e+03
   4.9040000e+03   1.1429319e+03
   5.0000000e+03   1.1429373e+03
