   0.0000000e+00   0.0000000e+00
   2.1111111e+01  -2.3846485e-01
   4.2222222e+01  -1.3890717e+00
   6.3333333e+01  -3.3884097e+00
   8.4444444e+01  -5.8794365e+00
   1.0555556e+02  -8.6286651e+00
   1.2666667e+02  -1.1493220e+01
   1.4777778e+02  -1.4384961e+01
   1.6888889e+02  -1.7249579e+01
   1.9000000e+02  -2.0054121e+01
   2.0000000e+02  -2.1355681e+01
   2.9600000e+02  -3.2791784e+01
   3.9200000e+02  -4.2302504e+01
   4.8800000e+02  -5.0146365e+01
   5.8400000e+02  -5.6611617e+01
   6.8000000e+02  -6.1941991e+01
   7.7600000e+02  -6.6337605e+01
   8.7200000e+02  -6.9962758e+01
   9.6800000e+02  -7.2952630e+01
   1.0640000e+03  -7.5418597e+01
   1.1600000e+03  -7.7452477e+01
   1.2560000e+03  -7.9129983e+01
   1.3520000e+03  -8.0513561e+01
   1.4480000e+03  -8.1654711e+01
   1.5440000e+03  -8.2595912e+01
   1.6400000e+03  -8.3372197e+01
   1.7360000e+03  -8.4012464e+01
   1.8320000e+03  -8.4540543e+01
   1.9280000e+03  -8.4976094e+01
   2.0240000e+03  -8.5335328e+01
   2.1200000e+03  -8.5631617e+01
   2.2160000e+03  -8.5875991e+01
   2.3120000e+03  -8.6077547e+01
   2.4080000e+03  -8.6243785e+01
   2.5040000e+03  -8.6380896e+01
   2.6000000e+03  -8.6493982e+01
   2.6960000e+03  -8.6587254e+01
   2.7920000e+03  -8.6664182e+01
   2.8880000e+03  -8.6727632e+01
   2.9840000e+03  -8.6779963e+01
   3.0800000e+03  -8.6823125e+01
   3.1760000e+03  -8.6858725e+01
   3.2720000e+03  -8.6888087e+01
   3.3680000e+03  -8.6912303e+01
   3.4640000e+03  -8.6932277e+01
   3.5600000e+03  -8.6948751e+01
   3.6560000e+03  -8.6962338e+01
   3.7520000e+03  -8.6973545e+01
   3.8480000e+03  -8.6982788e+01
   3.9440000e+03  -8.6990412e+01
   4.0400000e+03  -8.6996699e+01
   4.1360000e+03  -8.7001885e+01
   4.2320000e+03  -8.7006162e+01
   4.3280000e+03  -8.7009690e+01
   4.4240000e+03  -8.7012600e+01
   4.5200000e+03  -8.7015000e+01
   4.6160000e+03  -8.7016979e+01
   4.7120000e+03  -8.7018612e+01
   4.8080000e+03  -8.7019958e+01
   4.9040000e+03  -8.7021069e+01
   5.0000000e+03  -8.7021985e+01
