   0.0000000e+00   0.0000000e+00
   2.1111111e+01   2.7604768e+00
   4.2222222e+01   1.6312122e+01
   6.3333333e+01   3.5342842e+01
   8.4444444e+01   5.6707691e+01
   1.0555556e+02   7.8988140e+01
   1.2666667e+02   1.0142669e+02
   1.4777778e+02   1.2359235e+02
   1.6888889e+02   1.4523896e+02
   1.9000000e+02   1.6623014e+02
   2.0000000e+02   1.7592258e+02
   2.9600000e+02   2.6034813e+02
   3.9200000e+02   3.3003367e+02
   4.8800000e+02   3.8718640e+02
   5.8400000e+02   4.3398199e+02
   6.8000000e+02   4.7227487e+02
   7.7600000e+02   5.0360268e+02
   8.7200000e+02   5.2922982e+02
   9.6800000e+02   5.5019280e+02
   1.0640000e+03   5.6734020e+02
   1.1600000e+03   5.8136643e+02
   1.2560000e+03   5.9283956e+02
   1.3520000e+03   6.0222431e+02
   1.4480000e+03   6.0990080e+02
   1.5440000e+03   6.1617999e+02
   1.6400000e+03   6.2131620e+02
   1.7360000e+03   6.2551750e+02
   1.8320000e+03   6.2895406e+02
   1.9280000e+03   6.3176508e+02
   2.0240000e+03   6.3406443e+02
   2.1200000e+03   6.3594524e+02
   2.2160000e+03   6.3748369e+02
   2.3120000e+03   6.3874211e+02
   2.4080000e+03   6.3977147e+02
   2.5040000e+03   6.4061345e+02
   2.6000000e+03   6.4130218e+02
   2.6960000e+03   6.4186554e+02
   2.7920000e+03   6.4232635e+02
   2.8880000e+03   6.4270329e+02
   2.9840000e+03   6.4301161e+02
   3.0800000e+03   6.4326381e+02
   3.1760000e+03   6.4347011e+02
   3.2720000e+03   6.4363885e+02
   3.3680000e+03   6.4377688e+02
   3.4640000e+03   6.4388978e+02
   3.5600000e+03   6.4398213e+02
   3.6560000e+03   6.4405768e+02
   3.7520000e+03   6.4411947e+02
   3.8480000e+03   6.4417001e+02
   3.9440000e+03   6.4421135e+02
   4.0400000e+03   6.4424517e+02
   4.1360000e+03   6.4427284e+02
   4.2320000e+03   6.4429546e+02
   4.3280000e+03   6.4431397e+02
   4.4240000e+03   6.4432911e+02
   4.5200000e+03   6.4434149e+02
   4.6160000e+03   6.4435162e+02
   4.7120000e+03   6.4435991e+02
   4.8080000e+03   6.4436669e+02
   4.9040000e+03   6.4437223e+02
   5.0000000e+03   6.4437677e+02
