   0.0000000e+00   0.0000000e+00
   2.1111111e+01  -1.6254595e+00
   4.2222222e+01  -2.3721236e+00
   6.3333333e+01  -2.9248395e+00
   8.4444444e+01  -3.3628820e+00
   1.0555556e+02  -3.7230505e+00
   1.2666667e+02  -4.0284436e+00
   1.4777778e+02  -4.2944275e+00
   1.6888889e+02  -4.5313910e+00
   1.9000000e+02  -4.7464258e+00
   2.0000000e+02  -4.8420992e+00
   2.9600000e+02  -5.6238133e+00
   3.9200000e+02  -6.2449856e+00
   4.8800000e+02  -6.7573665e+00
   5.8400000e+02  -7.1837249e+00
   6.8000000e+02  -7.5392702e+00
   7.7600000e+02  -7.8359382e+00
   8.7200000e+02  -8.0835235e+00
   9.6800000e+02  -8.2901592e+00
   1.0640000e+03  -8.4626221e+00
   1.1600000e+03  -8.6065647e+00
   1.2560000e+03  -8.7267037e+00
   1.3520000e+03  -8.8269757e+00
   1.4480000e+03  -8.9106659e+00
   1.5440000e+03  -8.9805165e+00
   1.6400000e+03  -9.0388160e+00
   1.7360000e+03  -9.0874747e+00
   1.8320000e+03  -9.1280867e+00
   1.9280000e+03  -9.1619829e+00
   2.0240000e+03  -9.1902736e+00
   2.1200000e+03  -9.2138860e+00
   2.2160000e+03  -9.2335936e+00
   2.3120000e+03  -9.2500422e+00
   2.4080000e+03  -9.2637707e+00
   2.5040000e+03  -9.2752290e+00
   2.6000000e+03  -9.2847924e+00
   2.6960000e+03  -9.2927743e+00
   2.7920000e+03  -9.2994363e+00
   2.8880000e+03  -9.3049965e+00
   2.9840000e+03  -9.3096373e+00
   3.0800000e+03  -9.3135107e+00
   3.1760000e+03  -9.3167435e+00
   3.2720000e+03  -9.3194417e+00
   3.3680000e+03  -9.3216937e+00
   3.4640000e+03  -9.3235733e+00
   3.5600000e+03  -9.3251420e+00
   3.6560000e+03  -9.3264514e+00
   3.7520000e+03  -9.3275442e+00
   3.8480000e+03  -9.3284563e+00
   3.9440000e+03  -9.3292176e+00
   4.0400000e+03  -9.3298530e+00
   4.1360000e+03  -9.3303833e+00
   4.2320000e+03  -9.3308259e+00
   4.3280000e+03  -9.3311953e+00
   4.4240000e+03  -9.3315036e+00
   4.5200000e+03  -9.3317609e+00
   4.6160000e+03  -9.3319757e+00
   4.7120000e+03  -9.3321550e+00
   4.8080000e+03  -9.3323046e+00
   4.9040000e+03  -9.3324295e+00
   5.0000000e+03  -9.3325337e+00
