   0.0000000e+00   0.0000000e+00
   2.1111111e+01  -1.6868011e-02
   4.2222222e+01  -5.8413642e-02
   6.3333333e+01  -1.2773784e-01
   8.4444444e+01  -2.1467389e-01
   1.0555556e+02  -3.1128339e-01
   1.2666667e+02  -4.1238926e-01
   1.4777778e+02  -5.1468438e-01
   1.6888889e+02  -6.1607894e-01
   1.9000000e+02  -7.1527661e-01
   2.0000000e+02  -7.6125988e-01
   2.9600000e+02  -1.1623870e+00
   3.9200000e+02  -1.4897634e+00
   4.8800000e+02  -1.7538738e+00
   5.8400000e+02  -1.9666552e+00
   6.8000000e+02  -2.1381092e+00
   7.7600000e+02  -2.2762915e+00
   8.7200000e+02  -2.3876716e+00
   9.6800000e+02  -2.4774528e+00
   1.0640000e+03  -2.5498250e+00
   1.1600000e+03  -2.6081645e+00
   1.2560000e+03  -2.6551923e+00
   1.3520000e+03  -2.6931016e+00
   1.4480000e+03  -2.7236605e+00
   1.5440000e+03  -2.7482941e+00
   1.6400000e+03  -2.7681515e+00
   1.7360000e+03  -2.7841585e+00
   1.8320000e+03  -2.7970619e+00
   1.9280000e+03  -2.8074633e+00
   2.0240000e+03  -2.8158480e+00
   2.1200000e+03  -2.8226069e+00
   2.2160000e+03  -2.8280553e+00
   2.3120000e+03  -2.8324472e+00
   2.4080000e+03  -2.8359876e+00
   2.5040000e+03  -2.8388415e+00
   2.6000000e+03  -2.8411420e+00
   2.6960000e+03  -2.8429965e+00
   2.7920000e+03  -2.8444914e+00
   2.8880000e+03  -2.8456964e+00
   2.9840000e+03  -2.8466678e+00
   3.0800000e+03  -2.8474509e+00
   3.1760000e+03  -2.8480821e+00
   3.2720000e+03  -2.8485909e+00
   3.3680000e+03  -2.8490011e+00
   3.4640000e+03  -2.8493317e+00
   3.5600000e+03  -2.8495982e+00
   3.6560000e+03  -2.8498131e+00
   3.7520000e+03  -2.8499863e+00
   3.8480000e+03  -2.8501259e+00
   3.9440000e+03  -2.8502384e+00
   4.0400000e+03  -2.8503291e+00
   4.1360000e+03  -2.8504023e+00
   4.2320000e+03  -2.8504612e+00
   4.3280000e+03  -2.8505087e+00
   4.4240000e+03  -2.8505470e+00
   4.5200000e+03  -2.8505779e+00
   4.6160000e+03  -2.8506028e+00
   4.7120000e+03  -2.8506229e+00
   4.8080000e+03  -2.8506390e+00
   4.9040000e+03  -2.8506521e+00
   5.0000000e+03  -2.8506626e+00
