   0.0000000e+00   0.0000000e+00
   2.1111111e+01  -1.6500584e-02
   4.2222222e+01  -6.7821301e-02
   6.3333333e+01  -1.5761633e-01
   8.4444444e+01  -2.7216573e-01
   1.0555556e+02  -4.0090903e-01
   1.2666667e+02  -5.3693234e-01
   1.4777778e+02  -6.7576696e-01
   1.6888889e+02  -8.1453820e-01
   1.9000000e+02  -9.5141711e-01
   2.0000000e+02  -1.0152467e+00
   2.9600000e+02  -1.5829665e+00
   3.9200000e+02  -2.0630695e+00
   4.8800000e+02  -2.4642728e+00
   5.8400000e+02  -2.7990108e+00
   6.8000000e+02  -3.0783006e+00
   7.7600000e+02  -3.3113622e+00
   8.7200000e+02  -3.5058655e+00
   9.6800000e+02  -3.6681972e+00
   1.0640000e+03  -3.8036816e+00
   1.1600000e+03  -3.9167598e+00
   1.2560000e+03  -4.0111378e+00
   1.3520000e+03  -4.0899084e+00
   1.4480000e+03  -4.1556526e+00
   1.5440000e+03  -4.2105246e+00
   1.6400000e+03  -4.2563225e+00
   1.7360000e+03  -4.2945467e+00
   1.8320000e+03  -4.3264499e+00
   1.9280000e+03  -4.3530772e+00
   2.0240000e+03  -4.3753012e+00
   2.1200000e+03  -4.3938500e+00
   2.2160000e+03  -4.4093315e+00
   2.3120000e+03  -4.4222528e+00
   2.4080000e+03  -4.4330373e+00
   2.5040000e+03  -4.4420383e+00
   2.6000000e+03  -4.4495509e+00
   2.6960000e+03  -4.4558211e+00
   2.7920000e+03  -4.4610545e+00
   2.8880000e+03  -4.4654224e+00
   2.9840000e+03  -4.4690680e+00
   3.0800000e+03  -4.4721107e+00
   3.1760000e+03  -4.4746502e+00
   3.2720000e+03  -4.4767698e+00
   3.3680000e+03  -4.4785389e+00
   3.4640000e+03  -4.4800154e+00
   3.5600000e+03  -4.4812478e+00
   3.6560000e+03  -4.4822763e+00
   3.7520000e+03  -4.4831348e+00
   3.8480000e+03  -4.4838513e+00
   3.9440000e+03  -4.4844493e+00
   4.0400000e+03  -4.4849484e+00
   4.1360000e+03  -4.4853650e+00
   4.2320000e+03  -4.4857127e+00
   4.3280000e+03  -4.4860029e+00
   4.4240000e+03  -4.4862451e+00
   4.5200000e+03  -4.4864473e+00
   4.6160000e+03  -4.4866160e+00
   4.7120000e+03  -4.4867568e+00
   4.8080000e+03  -4.4868743e+00
   4.9040000e+03  -4.4869724e+00
   5.0000000e+03  -4.4870543e+00
