   0.0000000e+00   0.0000000e+00
   2.1111111e+01  -6.5941251e-01
   4.2222222e+01  -2.4236938e+00
   6.3333333e+01  -4.5345776e+00
   8.4444444e+01  -6.5452550e+00
   1.0555556e+02  -8.3322760e+00
   1.2666667e+02  -9.8742213e+00
   1.4777778e+02  -1.1184453e+01
   1.6888889e+02  -1.2288084e+01
   1.9000000e+02  -1.3212794e+01
   2.0000000e+02  -1.3596072e+01
   2.9600000e+02  -1.5986040e+01
   3.9200000e+02  -1.7013531e+01
   4.8800000e+02  -1.7452293e+01
   5.8400000e+02  -1.7639241e+01
   6.8000000e+02  -1.7718830e+01
   7.7600000e+02  -1.7752703e+01
   8.7200000e+02  -1.7767117e+01
   9.6800000e+02  -1.7773251e+01
   1.0640000e+03  -1.7775860e+01
   1.1600000e+03  -1.7776971e+01
   1.2560000e+03  -1.7777443e+01
   1.3520000e+03  -1.7777645e+01
   1.4480000e+03  -1.7777730e+01
   1.5440000e+03  -1.7777766e+01
   1.6400000e+03  -1.7777782e+01
   1.7360000e+03  -1.7777789e+01
   1.8320000e+03  -1.7777791e+01
   1.9280000e+03  -1.7777793e+01
   2.0240000e+03  -1.7777793e+01
   2.1200000e+03  -1.7777793e+01
   2.2160000e+03  -1.7777793e+01
   2.3120000e+03  -1.7777793e+01
   2.4080000e+03  -1.7777793e+01
   2.5040000e+03  -1.7777793e+01
   2.6000000e+03  -1.7777793e+01
   2.6960000e+03  -1.7777793e+01
   2.7920000e+03  -1.7777793e+01
   2.8880000e+03  -1.7777793e+01
   2.9840000e+03  -1.7777793e+01
   3.0800000e+03  -1.7777793e+01
   3.1760000e+03  -1.7777793e+01
   3.2720000e+03  -1.7777793e+01
   3.3680000e+03  -1.7777793e+01
   3.4640000e+03  -1.7777793e+01
   3.5600000e+03  -1.7777793e+01
   3.6560000e+03  -1.7777793e+01
   3.7520000e+03  -1.7777793e+01
   3.8480000e+03  -1.7777793e+01
   3.9440000e+03  -1.7777793e+01
   4.0400000e+03  -1.7777793e+01
   4.1360000e+03  -1.7777793e+01
   4.2320000e+03  -1.7777793e+01
   4.3280000e+03  -1.7777793e+01
   4.4240000e+03  -1.7777793e+01
   4.5200000e+03  -1.7777793e+01
   4.6160000e+03  -1.7777793e+01
   4.7120000e+03  -1.7777793e+01
   4.8080000e+03  -1.7777793e+01
   4.9040000e+03  -1.7777793e+01
   5.0000000e+03  -1.7777793e+01
