   0.0000000e+00   0.0000000e+00
   2.1111111e+01   8.6908832e+00
   4.2222222e+01   9.5539759e+00
   6.3333333e+01   9.7631996e+00
   8.4444444e+01   9.7168977e+00
   1.0555556e+02   9.5770836e+00
   1.2666667e+02   9.4154030e+00
   1.4777778e+02   9.2610777e+00
   1.6888889e+02   9.1243288e+00
   1.9000000e+02   9.0072595e+00
   2.0000000e+02   8.9584055e+00
   2.9600000e+02   8.6540395e+00
   3.9200000e+02   8.5248743e+00
   4.8800000e+02   8.4701622e+00
   5.8400000e+02   8.4469291e+00
   6.8000000e+02   8.4370514e+00
   7.7600000e+02   8.4328497e+00
   8.7200000e+02   8.4310621e+00
   9.6800000e+02   8.4303015e+00
   1.0640000e+03   8.4299779e+00
   1.1600000e+03   8.4298402e+00
   1.2560000e+03   8.4297816e+00
   1.3520000e+03   8.4297567e+00
   1.4480000e+03   8.4297461e+00
   1.5440000e+03   8.4297415e+00
   1.6400000e+03   8.4297396e+00
   1.7360000e+03   8.4297388e+00
   1.8320000e+03   8.4297385e+00
   1.9280000e+03   8.4297383e+00
   2.0240000e+03   8.4297382e+00
   2.1200000e+03   8.4297382e+00
   2.2160000e+03   8.4297382e+00
   2.3120000e+03   8.4297382e+00
   2.4080000e+03   8.4297382e+00
   2.5040000e+03   8.4297382e+00
   2.6000000e+03   8.4297382e+00
   2.6960000e+03   8.4297382e+00
   2.7920000e+03   8.4297382e+00
   2.8880000e+03   8.4297382e+00
   2.9840000e+03   8.4297382e+00
   3.0800000e+03   8.4297382e+00
   3.1760000e+03   8.4297382e+00
   3.2720000e+03   8.4297382e+00
   3.3680000e+03   8.4297382e+00
   3.4640000e+03   8.4297382e+00
   3.5600000e+03   8.4297382e+00
   3.6560000e+03   8.4297382e+00
   3.7520000e+03   8.4297382e+00
   3.8480000e+03   8.4297382e+00
   3.9440000e+03   8.4297382e+00
   4.0400000e+03   8.4297382e+00
   4.1360000e+03   8.4297382e+00
   4.2320000e+03   8.4297382e+00
   4.3280000e+03   8.4297382e+00
   4.4240000e+03   8.4297382e+00
   4.5200000e+03   8.4297382e+00
   4.6160000e+03   8.4297382e+00
   4.7120000e+03   8.4297382e+00
   4.8080000e+03   8.4297382e+00
   4.9040000e+03   8.4297382e+00
   5.0000000e+03   8.4297382e+00
