   0.0000000e+00   0.0000000e+00
   2.1111111e+01   9.4867476e+00
   4.2222222e+01   1.0540858e+01
   6.3333333e+01   1.0811040e+01
   8.4444444e+01   1.0747468e+01
   1.0555556e+02   1.0550638e+01
   1.2666667e+02   1.0316754e+01
   1.4777778e+02   1.0088420e+01
   1.6888889e+02   9.8823258e+00
   1.9000000e+02   9.7032171e+00
   2.0000000e+02   9.6277625e+00
   2.9600000e+02   9.1485008e+00
   3.9200000e+02   8.9404946e+00
   4.8800000e+02   8.8516090e+00
   5.8400000e+02   8.8137346e+00
   6.8000000e+02   8.7976104e+00
   7.7600000e+02   8.7907480e+00
   8.7200000e+02   8.7878278e+00
   9.6800000e+02   8.7865852e+00
   1.0640000e+03   8.7860564e+00
   1.1600000e+03   8.7858314e+00
   1.2560000e+03   8.7857357e+00
   1.3520000e+03   8.7856950e+00
   1.4480000e+03   8.7856776e+00
   1.5440000e+03   8.7856703e+00
   1.6400000e+03   8.7856671e+00
   1.7360000e+03   8.7856658e+00
   1.8320000e+03   8.7856652e+00
   1.9280000e+03   8.7856650e+00
   2.0240000e+03   8.7856649e+00
   2.1200000e+03   8.7856648e+00
   2.2160000e+03   8.7856648e+00
   2.3120000e+03   8.7856648e+00
   2.4080000e+03   8.7856648e+00
   2.5040000e+03   8.7856648e+00
   2.6000000e+03   8.7856648e+00
   2.6960000e+03   8.7856648e+00
   2.7920000e+03   8.7856648e+00
   2.8880000e+03   8.7856648e+00
   2.9840000e+03   8.7856648e+00
   3.0800000e+03   8.7856648e+00
   3.1760000e+03   8.7856648e+00
   3.2720000e+03   8.7856648e+00
   3.3680000e+03   8.7856648e+00
   3.4640000e+03   8.7856648e+00
   3.5600000e+03   8.7856648e+00
   3.6560000e+03   8.7856648e+00
   3.7520000e+03   8.7856648e+00
   3.8480000e+03   8.7856648e+00
   3.9440000e+03   8.7856648e+00
   4.0400000e+03   8.7856648e+00
   4.1360000e+03   8.7856648e+00
   4.2320000e+03   8.7856648e+00
   4.3280000e+03   8.7856648e+00
   4.4240000e+03   8.7856648e+00
   4.5200000e+03   8.7856648e+00
   4.6160000e+03   8.7856648e+00
   4.7120000e+03   8.7856648e+00
   4.8080000e+03   8.7856648e+00
   4.9040000e+03   8.7856648e+00
   5.0000000e+03   8.7856648e+00
