   0.0000000e+00   0.0000000e+00
   2.1111111e+01   1.0742824e+00
   4.2222222e+01   1.3620262e+00
   6.3333333e+01   1.5134915e+00
   8.4444444e+01   1.5903387e+00
   1.0555556e+02   1.6194604e+00
   1.2666667e+02   1.6176031e+00
   1.4777778e+02   1.5958181e+00
   1.6888889e+02   1.5614582e+00
   1.9000000e+02   1.5194198e+00
   2.0000000e+02   1.4978105e+00
   2.9600000e+02   1.2754190e+00
   3.9200000e+02   1.0699305e+00
   4.8800000e+02   8.9526737e-01
   5.8400000e+02   7.4903000e-01
   6.8000000e+02   6.2692572e-01
   7.7600000e+02   5.2501477e-01
   8.7200000e+02   4.3996002e-01
   9.6800000e+02   3.6897217e-01
   1.0640000e+03   3.0972396e-01
   1.1600000e+03   2.6027364e-01
   1.2560000e+03   2.1900082e-01
   1.3520000e+03   1.8455319e-01
   1.4480000e+03   1.5580208e-01
   1.5440000e+03   1.3180546e-01
   1.6400000e+03   1.1177712e-01
   1.7360000e+03   9.5060826e-02
   1.8320000e+03   8.1108875e-02
   1.9280000e+03   6.9464135e-02
   2.0240000e+03   5.9745067e-02
   2.1200000e+03   5.1633228e-02
   2.2160000e+03   4.4862832e-02
   2.3120000e+03   3.9212047e-02
   2.4080000e+03   3.4495726e-02
   2.5040000e+03   3.0559336e-02
   2.6000000e+03   2.7273903e-02
   2.6960000e+03   2.4531777e-02
   2.7920000e+03   2.2243114e-02
   2.8880000e+03   2.0332924e-02
   2.9840000e+03   1.8738620e-02
   3.0800000e+03   1.7407964e-02
   3.1760000e+03   1.6297357e-02
   3.2720000e+03   1.5370410e-02
   3.3680000e+03   1.4596751e-02
   3.4640000e+03   1.3951032e-02
   3.5600000e+03   1.3412094e-02
   3.6560000e+03   1.2962279e-02
   3.7520000e+03   1.2586850e-02
   3.8480000e+03   1.2273506e-02
   3.9440000e+03   1.2011978e-02
   4.0400000e+03   1.1793699e-02
   4.1360000e+03   1.1611517e-02
   4.2320000e+03   1.1459462e-02
   4.3280000e+03   1.1332552e-02
   4.4240000e+03   1.1226629e-02
   4.5200000e+03   1.1138223e-02
   4.6160000e+03   1.1064436e-02
   4.7120000e+03   1.1002851e-02
   4.8080000e+03   1.0951450e-02
   4.9040000e+03   1.0908550e-02
   5.0000000e+03   1.0872744e-02
