   0.0000000e+00   0.0000000e+00
   2.1111111e+01   3.1359163e+00
   4.2222222e+01   4.5528042e+00
   6.3333333e+01   5.5934343e+00
   8.4444444e+01   6.4146057e+00
   1.0555556e+02   7.0880261e+00
   1.2666667e+02   7.6580026e+00
   1.4777778e+02   8.1537612e+00
   1.6888889e+02   8.5949777e+00
   1.9000000e+02   8.9950534e+00
   2.0000000e+02   9.1729752e+00
   2.9600000e+02   1.0625553e+01
   3.9200000e+02   1.1779241e+01
   4.8800000e+02   1.2730928e+01
   5.8400000e+02   1.3522979e+01
   6.8000000e+02   1.4183618e+01
   7.7600000e+02   1.4734979e+01
   8.7200000e+02   1.5195222e+01
   9.6800000e+02   1.5579432e+01
   1.0640000e+03   1.5900177e+01
   1.1600000e+03   1.6167943e+01
   1.2560000e+03   1.6391482e+01
   1.3520000e+03   1.6578100e+01
   1.4480000e+03   1.6733895e+01
   1.5440000e+03   1.6863958e+01
   1.6400000e+03   1.6972539e+01
   1.7360000e+03   1.7063186e+01
   1.8320000e+03   1.7138862e+01
   1.9280000e+03   1.7202038e+01
   2.0240000e+03   1.7254780e+01
   2.1200000e+03   1.7298811e+01
   2.2160000e+03   1.7335570e+01
   2.3120000e+03   1.7366257e+01
   2.4080000e+03   1.7391876e+01
   2.5040000e+03   1.7413263e+01
   2.6000000e+03   1.7431118e+01
   2.6960000e+03   1.7446025e+01
   2.7920000e+03   1.7458469e+01
   2.8880000e+03   1.7468857e+01
   2.9840000e+03   1.7477530e+01
   3.0800000e+03   1.7484771e+01
   3.1760000e+03   1.7490815e+01
   3.2720000e+03   1.7495862e+01
   3.3680000e+03   1.7500074e+01
   3.4640000e+03   1.7503591e+01
   3.5600000e+03   1.7506527e+01
   3.6560000e+03   1.7508979e+01
   3.7520000e+03   1.7511025e+01
   3.8480000e+03   1.7512733e+01
   3.9440000e+03   1.7514159e+01
   4.0400000e+03   1.7515350e+01
   4.1360000e+03   1.7516344e+01
   4.2320000e+03   1.7517174e+01
   4.3280000e+03   1.7517867e+01
   4.4240000e+03   1.7518445e+01
   4.5200000e+03   1.7518928e+01
   4.6160000e+03   1.7519331e+01
   4.7120000e+03   1.7519667e+01
   4.8080000e+03   1.7519948e+01
   4.9040000e+03   1.7520183e+01
   5.0000000e+03   1.7520379e+01
