   0.0000000e+00   0.0000000e+00
   2.1111111e+01  -4.4896691e+01
   4.2222222e+01  -5.7671749e+01
   6.3333333e+01  -6.4098401e+01
   8.4444444e+01  -6.6850523e+01
   1.0555556e+02  -6.7322613e+01
   1.2666667e+02  -6.6395071e+01
   1.4777778e+02  -6.4627271e+01
   1.6888889e+02  -6.2373311e+01
   1.9000000e+02  -5.9856583e+01
   2.0000000e+02  -5.8615382e+01
   2.9600000e+02  -4.6699862e+01
   3.9200000e+02  -3.6267926e+01
   4.8800000e+02  -2.7582540e+01
   5.8400000e+02  -2.0401079e+01
   6.8000000e+02  -1.4467389e+01
   7.7600000e+02  -9.5644159e+00
   8.7200000e+02  -5.5127969e+00
   9.6800000e+02  -2.1645629e+00
   1.0640000e+03   6.0244853e-01
   1.1600000e+03   2.8891492e+00
   1.2560000e+03   4.7789188e+00
   1.3520000e+03   6.3406587e+00
   1.4480000e+03   7.6313090e+00
   1.5440000e+03   8.6979258e+00
   1.6400000e+03   9.5793970e+00
   1.7360000e+03   1.0307860e+01
   1.8320000e+03   1.0909875e+01
   1.9280000e+03   1.1407391e+01
   2.0240000e+03   1.1818546e+01
   2.1200000e+03   1.2158332e+01
   2.2160000e+03   1.2439137e+01
   2.3120000e+03   1.2671199e+01
   2.4080000e+03   1.2862979e+01
   2.5040000e+03   1.3021469e+01
   2.6000000e+03   1.3152448e+01
   2.6960000e+03   1.3260691e+01
   2.7920000e+03   1.3350145e+01
   2.8880000e+03   1.3424072e+01
   2.9840000e+03   1.3485166e+01
   3.0800000e+03   1.3535655e+01
   3.1760000e+03   1.3577380e+01
   3.2720000e+03   1.3611862e+01
   3.3680000e+03   1.3640359e+01
   3.4640000e+03   1.3663909e+01
   3.5600000e+03   1.3683371e+01
   3.6560000e+03   1.3699455e+01
   3.7520000e+03   1.3712747e+01
   3.8480000e+03   1.3723732e+01
   3.9440000e+03   1.3732810e+01
   4.0400000e+03   1.3740312e+01
   4.1360000e+03   1.3746512e+01
   4.2320000e+03   1.3751636e+01
   4.3280000e+03   1.3755870e+01
   4.4240000e+03   1.3759370e+01
   4.5200000e+03   1.3762262e+01
   4.6160000e+03   1.3764651e+01
   4.7120000e+03   1.3766627e+01
   4.8080000e+03   1.3768259e+01
   4.9040000e+03   1.3769608e+01
   5.0000000e+03   1.3770722e+01
