   0.0000000e+00   0.0000000e+00
   2.1111111e+01  -2.1285229e+01
   4.2222222e+01  -2.6017699e+01
   6.3333333e+01  -2.8465002e+01
   8.4444444e+01  -2.9942342e+01
   1.0555556e+02  -3.0924994e+01
   1.2666667e+02  -3.1628068e+01
   1.4777778e+02  -3.2158088e+01
   1.6888889e+02  -3.2571860e+01
   1.9000000e+02  -3.2902139e+01
   2.0000000e+02  -3.3035636e+01
   2.9600000e+02  -3.3837440e+01
   3.9200000e+02  -3.4171238e+01
   4.8800000e+02  -3.4312440e+01
   5.8400000e+02  -3.4372397e+01
   6.8000000e+02  -3.4397889e+01
   7.7600000e+02  -3.4408733e+01
   8.7200000e+02  -3.4413347e+01
   9.6800000e+02  -3.4415310e+01
   1.0640000e+03  -3.4416145e+01
   1.1600000e+03  -3.4416500e+01
   1.2560000e+03  -3.4416652e+01
   1.3520000e+03  -3.4416716e+01
   1.4480000e+03  -3.4416743e+01
   1.5440000e+03  -3.4416755e+01
   1.6400000e+03  -3.4416760e+01
   1.7360000e+03  -3.4416762e+01
   1.8320000e+03  -3.4416763e+01
   1.9280000e+03  -3.4416763e+01
   2.0240000e+03  -3.4416764e+01
   2.1200000e+03  -3.4416764e+01
   2.2160000e+03  -3.4416764e+01
   2.3120000e+03  -3.4416764e+01
   2.4080000e+03  -3.4416764e+01
   2.5040000e+03  -3.4416764e+01
   2.6000000e+03  -3.4416764e+01
   2.6960000e+03  -3.4416764e+01
   2.7920000e+03  -3.4416764e+01
   2.8880000e+03  -3.4416764e+01
   2.9840000e+03  -3.4416764e+01
   3.0800000e+03  -3.4416764e+01
   3.1760000e+03  -3.4416764e+01
   3.2720000e+03  -3.4416764e+01
   3.3680000e+03  -3.4416764e+01
   3.4640000e+03  -3.4416764e+01
   3.5600000e+03  -3.4416764e+01
   3.6560000e+03  -3.4416764e+01
   3.7520000e+03  -3.4416764e+01
   3.8480000e+03  -3.4416764e+01
   3.9440000e+03  -3.4416764e+01
   4.0400000e+03  -3.4416764e+01
   4.1360000e+03  -3.4416764e+01
   4.2320000e+03  -3.4416764e+01
   4.3280000e+03  -3.4416764e+01
   4.4240000e+03  -3.4416764e+01
   4.5200000e+03  -3.4416764e+01
   4.6160000e+03  -3.4416764e+01
   4.7120000e+03  -3.4416764e+01
   4.8080000e+03  -3.4416764e+01
   4.9040000e+03  -3.4416764e+01
   5.0000000e+03  -3.4416764e+01
