   0.0000000e+00   0.0000000e+00
   2.1111111e+01   1.1385050e+00
   4.2222222e+01   1.4580634e+00
   6.3333333e+01   1.6317350e+00
   8.4444444e+01   1.7263499e+00
   1.0555556e+02   1.7708742e+00
   1.2666667e+02   1.7830273e+00
   1.4777778e+02   1.7743657e+00
   1.6888889e+02   1.7525250e+00
   1.9000000e+02   1.7225687e+00
   2.0000000e+02   1.7065612e+00
   2.9600000e+02   1.5351976e+00
   3.9200000e+02   1.3770124e+00
   4.8800000e+02   1.2462349e+00
   5.8400000e+02   1.1403198e+00
   6.8000000e+02   1.0548806e+00
   7.7600000e+02   9.8600620e-01
   8.7200000e+02   9.3048922e-01
   9.6800000e+02   8.8573850e-01
   1.0640000e+03   8.4966557e-01
   1.1600000e+03   8.2058741e-01
   1.2560000e+03   7.9714757e-01
   1.3520000e+03   7.7825272e-01
   1.4480000e+03   7.6302156e-01
   1.5440000e+03   7.5074369e-01
   1.6400000e+03   7.4084648e-01
   1.7360000e+03   7.3286831e-01
   1.8320000e+03   7.2643709e-01
   1.9280000e+03   7.2125286e-01
   2.0240000e+03   7.1707384e-01
   2.1200000e+03   7.1370512e-01
   2.2160000e+03   7.1098958e-01
   2.3120000e+03   7.0880058e-01
   2.4080000e+03   7.0703601e-01
   2.5040000e+03   7.0561359e-01
   2.6000000e+03   7.0446697e-01
   2.6960000e+03   7.0354268e-01
   2.7920000e+03   7.0279761e-01
   2.8880000e+03   7.0219700e-01
   2.9840000e+03   7.0171285e-01
   3.0800000e+03   7.0132257e-01
   3.1760000e+03   7.0100797e-01
   3.2720000e+03   7.0075436e-01
   3.3680000e+03   7.0054993e-01
   3.4640000e+03   7.0038514e-01
   3.5600000e+03   7.0025230e-01
   3.6560000e+03   7.0014522e-01
   3.7520000e+03   7.0005890e-01
   3.8480000e+03   6.9998932e-01
   3.9440000e+03   6.9993323e-01
   4.0400000e+03   6.9988801e-01
   4.1360000e+03   6.9985157e-01
   4.2320000e+03   6.9982219e-01
   4.3280000e+03   6.9979850e-01
   4.4240000e+03   6.9977941e-01
   4.5200000e+03   6.9976402e-01
   4.6160000e+03   6.9975161e-01
   4.7120000e+03   6.9974161e-01
   4.8080000e+03   6.9973355e-01
   4.9040000e+03   6.9972705e-01
   5.0000000e+03   6.9972182e-01
