   0.0000000e+00   0.0000000e+00
   2.1111111e+01  -2.0171232e+00
   4.2222222e+01  -2.6006562e+00
   6.3333333e+01  -2.9216510e+00
   8.4444444e+01  -3.0901486e+00
   1.0555556e+02  -3.1567109e+00
   1.2666667e+02  -3.1548482e+00
   1.4777778e+02  -3.1077101e+00
   1.6888889e+02  -3.0312409e+00
   1.9000000e+02  -2.9363598e+00
   2.0000000e+02  -2.8872315e+00
   2.9600000e+02  -2.3740459e+00
   3.9200000e+02  -1.8934034e+00
   4.8800000e+02  -1.4826130e+00
   5.8400000e+02  -1.1378584e+00
   6.8000000e+02  -8.4967485e-01
   7.7600000e+02  -6.0900505e-01
   8.7200000e+02  -4.0806386e-01
   9.6800000e+02  -2.4030484e-01
   1.0640000e+03  -1.0025172e-01
   1.1600000e+03   1.6670236e-02
   1.2560000e+03   1.1428106e-01
   1.3520000e+03   1.9577011e-01
   1.4480000e+03   2.6380010e-01
   1.5440000e+03   3.2059397e-01
   1.6400000e+03   3.6800751e-01
   1.7360000e+03   4.0759002e-01
   1.8320000e+03   4.4063490e-01
   1.9280000e+03   4.6822195e-01
   2.0240000e+03   4.9125260e-01
   2.1200000e+03   5.1047940e-01
   2.2160000e+03   5.2653062e-01
   2.3120000e+03   5.3993075e-01
   2.4080000e+03   5.5111766e-01
   2.5040000e+03   5.6045688e-01
   2.6000000e+03   5.6825360e-01
   2.6960000e+03   5.7476258e-01
   2.7920000e+03   5.8019650e-01
   2.8880000e+03   5.8473294e-01
   2.9840000e+03   5.8852011e-01
   3.0800000e+03   5.9168178e-01
   3.1760000e+03   5.9432126e-01
   3.2720000e+03   5.9652479e-01
   3.3680000e+03   5.9836437e-01
   3.4640000e+03   5.9990012e-01
   3.5600000e+03   6.0118222e-01
   3.6560000e+03   6.0225256e-01
   3.7520000e+03   6.0314612e-01
   3.8480000e+03   6.0389209e-01
   3.9440000e+03   6.0451486e-01
   4.0400000e+03   6.0503476e-01
   4.1360000e+03   6.0546880e-01
   4.2320000e+03   6.0583115e-01
   4.3280000e+03   6.0613365e-01
   4.4240000e+03   6.0638619e-01
   4.5200000e+03   6.0659702e-01
   4.6160000e+03   6.0677303e-01
   4.7120000e+03   6.0691997e-01
   4.8080000e+03   6.0704264e-01
   4.9040000e+03   6.0714504e-01
   5.0000000e+03   6.0723054e-01
