   0.0000000e+00   1.5886567e+01
   1.0000000e+01   1.5882898e+01
   2.0000000e+01   1.5891744e+01
   3.0000000e+01   1.5882639e+01
   4.0000000e+01   1.5899047e+01
   5.0000000e+01   1.5872057e+01
   6.0000000e+01   1.5877052e+01
   7.0000000e+01   1.5868471e+01
   8.0000000e+01   1.5679728e+01
   9.0000000e+01   1.3683228e+01
   1.0000000e+02   7.5494152e+00
   1.1000000e+02   1.1655243e+00
   1.2000000e+02  -3.0785884e+00
   1.3000000e+02  -7.7362197e+00
   1.4000000e+02  -1.2449288e+01
   1.5000000e+02  -1.5714798e+01
   1.6000000e+02  -1.7757258e+01
   1.7000000e+02  -1.9134312e+01
   1.8000000e+02  -2.0137207e+01
   1.9000000e+02  -2.0968903e+01
   2.0000000e+02  -2.1494833e+01
   2.1000000e+02  -2.2069382e+01
   2.2000000e+02  -2.2256141e+01
   2.3000000e+02  -2.2469344e+01
   2.4000000e+02  -2.2673200e+01
   2.5000000e+02  -2.2725979e+01
   2.6000000e+02  -2.3052326e+01
   2.7000000e+02  -2.3272885e+01
   2.8000000e+02  -2.3393416e+01
   2.9000000e+02  -2.3484437e+01
   3.0000000e+02  -2.3647077e+01
   3.1000000e+02  -2.3381476e+01
   3.2000000e+02  -2.3584447e+01
   3.3000000e+02  -2.3866913e+01
   3.4000000e+02  -2.4105020e+01
   3.5000000e+02  -2.3994469e+01
   3.6000000e+02  -2.4091092e+01
   3.7000000e+02  -2.3904323e+01
   3.8000000e+02  -2.4045103e+01
   3.9000000e+02  -2.3355759e+01
   4.0000000e+02  -2.3687271e+01
   4.1000000e+02  -2.4168844e+01
   4.2000000e+02  -2.4551987e+01
   4.3000000e+02  -2.4370490e+01
   4.4000000e+02  -2.4353553e+01
   4.5000000e+02  -2.4343043e+01
   4.6000000e+02  -2.4424791e+01
   4.7000000e+02  -2.4523826e+01
   4.8000000e+02  -2.4536572e+01
   4.9000000e+02  -2.4626586e+01
   5.0000000e+02  -2.4647507e+01
   5.1000000e+02  -2.4688850e+01
   5.2000000e+02  -2.4581284e+01
   5.3000000e+02  -2.4588268e+01
   5.4000000e+02  -2.4642512e+01
   5.5000000e+02  -2.4916255e+01
   5.6000000e+02  -2.4367816e+01
   5.7000000e+02  -2.3913824e+01
   5.8000000e+02  -2.3950438e+01
   5.9000000e+02  -2.3755782e+01
