   0.0000000e+00   1.5965822e+01
   1.0000000e+01   1.5967964e+01
   2.0000000e+01   1.5961935e+01
   3.0000000e+01   1.5958176e+01
   4.0000000e+01   1.5975977e+01
   5.0000000e+01   1.5945270e+01
   6.0000000e+01   1.5951195e+01
   7.0000000e+01   1.5955165e+01
   8.0000000e+01   1.5963070e+01
   9.0000000e+01   1.5879508e+01
   1.0000000e+02   1.4407531e+01
   1.1000000e+02   1.1923724e+01
   1.2000000e+02   9.7917429e+00
   1.3000000e+02   8.3650002e+00
   1.4000000e+02   6.5164714e+00
   1.5000000e+02   5.1570230e+00
   1.6000000e+02   4.2863553e+00
   1.7000000e+02   3.6128484e+00
   1.8000000e+02   3.2639875e+00
   1.9000000e+02   2.8420254e+00
   2.0000000e+02   2.8227877e+00
   2.1000000e+02   2.4474156e+00
   2.2000000e+02   2.4444245e+00
   2.3000000e+02   2.3500984e+00
   2.4000000e+02   2.5003288e+00
   2.5000000e+02   2.4382489e+00
   2.6000000e+02   2.2760725e+00
   2.7000000e+02   2.3507447e+00
   2.8000000e+02   2.2822905e+00
   2.9000000e+02   2.3749658e+00
   3.0000000e+02   2.2986616e+00
   3.1000000e+02   2.3726629e+00
   3.2000000e+02   2.0914972e+00
   3.3000000e+02   2.2274913e+00
   3.4000000e+02   2.1803642e+00
   3.5000000e+02   1.9678564e+00
   3.6000000e+02   2.0875364e+00
   3.7000000e+02   2.2149809e+00
   3.8000000e+02   2.1530737e+00
   3.9000000e+02   1.8770080e+00
   4.0000000e+02   2.0677923e+00
   4.1000000e+02   1.7830777e+00
   4.2000000e+02   1.6746827e+00
   4.3000000e+02   1.6988109e+00
   4.4000000e+02   1.8002271e+00
   4.5000000e+02   1.6345068e+00
   4.6000000e+02   1.6522632e+00
   4.7000000e+02   1.3313456e+00
   4.8000000e+02   1.0970019e+00
   4.9000000e+02   1.1452402e+00
   5.0000000e+02   1.0765010e+00
   5.1000000e+02   1.2224620e+00
   5.2000000e+02   1.1761938e+00
   5.3000000e+02   1.2440871e+00
   5.4000000e+02   1.2779969e+00
   5.5000000e+02   1.5849634e+00
   5.6000000e+02   1.8649311e+00
   5.7000000e+02   1.9563539e+00
   5.8000000e+02   1.9174988e+00
   5.9000000e+02   1.6290757e+00
