   0.0000000e+00  -1.5090625e-03
   1.0000000e+01  -7.9682804e-03
   2.0000000e+01   7.6211098e-03
   3.0000000e+01  -1.5665805e-02
   4.0000000e+01  -3.9048001e-03
   5.0000000e+01  -2.1833032e-02
   6.0000000e+01  -1.9161691e-02
   7.0000000e+01  -2.1466937e-02
   8.0000000e+01  -1.6188209e-01
   9.0000000e+01  -1.8790487e+00
   1.0000000e+02  -5.8268543e+00
   1.1000000e+02  -9.4653664e+00
   1.2000000e+02  -1.2492504e+01
   1.3000000e+02  -1.5243517e+01
   1.4000000e+02  -1.7724421e+01
   1.5000000e+02  -1.9447851e+01
   1.6000000e+02  -2.0852301e+01
   1.7000000e+02  -2.1819592e+01
   1.8000000e+02  -2.2490244e+01
   1.9000000e+02  -2.3144488e+01
   2.0000000e+02  -2.3557617e+01
   2.1000000e+02  -2.3730598e+01
   2.2000000e+02  -2.3961658e+01
   2.3000000e+02  -2.4126226e+01
   2.4000000e+02  -2.4226077e+01
   2.5000000e+02  -2.4329183e+01
   2.6000000e+02  -2.4526749e+01
   2.7000000e+02  -2.4478479e+01
   2.8000000e+02  -2.4559658e+01
   2.9000000e+02  -2.4607427e+01
   3.0000000e+02  -2.4491861e+01
   3.1000000e+02  -2.4619370e+01
   3.2000000e+02  -2.4599290e+01
   3.3000000e+02  -2.4646973e+01
   3.4000000e+02  -2.4664382e+01
   3.5000000e+02  -2.4788584e+01
   3.6000000e+02  -2.4587301e+01
   3.7000000e+02  -2.4700047e+01
   3.8000000e+02  -2.4557490e+01
   3.9000000e+02  -2.4941665e+01
   4.0000000e+02  -2.4844740e+01
   4.1000000e+02  -2.4856576e+01
   4.2000000e+02  -2.5123568e+01
   4.3000000e+02  -2.5023779e+01
   4.4000000e+02  -2.5051586e+01
   4.5000000e+02  -2.4890318e+01
   4.6000000e+02  -2.5112286e+01
   4.7000000e+02  -2.5456026e+01
   4.8000000e+02  -2.5613864e+01
   4.9000000e+02  -2.5739977e+01
   5.0000000e+02  -2.5862906e+01
   5.1000000e+02  -2.5785940e+01
   5.2000000e+02  -2.5851707e+01
   5.3000000e+02  -2.5808369e+01
   5.4000000e+02  -2.5840022e+01
   5.5000000e+02  -2.5651709e+01
   5.6000000e+02  -2.5133363e+01
   5.7000000e+02  -2.5034776e+01
   5.8000000e+02  -2.4986182e+01
   5.9000000e+02  -2.5151661e+01
