   0.0000000e+00  -1.0030412e-02
   1.0000000e+01  -3.4650318e-03
   2.0000000e+01   7.2531820e-03
   3.0000000e+01  -1.6295997e-03
   4.0000000e+01  -1.3592023e-02
   5.0000000e+01  -2.9211119e-02
   6.0000000e+01  -3.0027618e-02
   7.0000000e+01  -2.1863678e-02
   8.0000000e+01   2.2816864e-02
   9.0000000e+01   7.1106943e-01
   1.0000000e+02   3.4953661e+00
   1.1000000e+02   7.5183547e+00
   1.2000000e+02   9.9904402e+00
   1.3000000e+02   1.2299174e+01
   1.4000000e+02   1.3995889e+01
   1.5000000e+02   1.4952916e+01
   1.6000000e+02   1.5556234e+01
   1.7000000e+02   1.5868422e+01
   1.8000000e+02   1.6136305e+01
   1.9000000e+02   1.6422752e+01
   2.0000000e+02   1.6537846e+01
   2.1000000e+02   1.6590312e+01
   2.2000000e+02   1.6922239e+01
   2.3000000e+02   1.7033307e+01
   2.4000000e+02   1.7402383e+01
   2.5000000e+02   1.7627301e+01
   2.6000000e+02   1.7872257e+01
   2.7000000e+02   1.8102846e+01
   2.8000000e+02   1.8435643e+01
   2.9000000e+02   1.8379212e+01
   3.0000000e+02   1.8536866e+01
   3.1000000e+02   1.8462600e+01
   3.2000000e+02   1.8746467e+01
   3.3000000e+02   1.8992983e+01
   3.4000000e+02   1.9292155e+01
   3.5000000e+02   1.9200997e+01
   3.6000000e+02   1.9014519e+01
   3.7000000e+02   1.9080287e+01
   3.8000000e+02   1.9298611e+01
   3.9000000e+02   1.8836691e+01
   4.0000000e+02   1.8811151e+01
   4.1000000e+02   1.8433288e+01
   4.2000000e+02   1.8537964e+01
   4.3000000e+02   1.8792380e+01
   4.4000000e+02   1.8774982e+01
   4.5000000e+02   1.8354557e+01
   4.6000000e+02   1.8641467e+01
   4.7000000e+02   1.8807130e+01
   4.8000000e+02   1.8748775e+01
   4.9000000e+02   1.8805650e+01
   5.0000000e+02   1.8296151e+01
   5.1000000e+02   1.8759748e+01
   5.2000000e+02   1.8790420e+01
   5.3000000e+02   1.8360325e+01
   5.4000000e+02   1.6603759e+01
   5.5000000e+02   1.6480265e+01
   5.6000000e+02   1.7863002e+01
   5.7000000e+02   1.8761274e+01
   5.8000000e+02   1.8728017e+01
   5.9000000e+02   1.8556700e+01
