   0.0000000e+00  -9.0636266e-03
   1.0000000e+01   7.0208275e-03
   2.0000000e+01  -2.9449849e-02
   3.0000000e+01  -8.4800339e-02
   4.0000000e+01  -5.5612977e-02
   5.0000000e+01  -6.2380702e-02
   6.0000000e+01  -4.2745379e-02
   7.0000000e+01  -3.3197857e-02
   8.0000000e+01  -2.9842578e-03
   9.0000000e+01  -4.7493243e-01
   1.0000000e+02  -2.5532157e+00
   1.1000000e+02  -5.2905379e+00
   1.2000000e+02  -7.5599569e+00
   1.3000000e+02  -8.5602872e+00
   1.4000000e+02  -1.0146920e+01
   1.5000000e+02  -1.1351368e+01
   1.6000000e+02  -1.2162491e+01
   1.7000000e+02  -1.2945146e+01
   1.8000000e+02  -1.3298686e+01
   1.9000000e+02  -1.3642830e+01
   2.0000000e+02  -1.4033395e+01
   2.1000000e+02  -1.4159184e+01
   2.2000000e+02  -1.4186245e+01
   2.3000000e+02  -1.4413531e+01
   2.4000000e+02  -1.4332943e+01
   2.5000000e+02  -1.4273741e+01
   2.6000000e+02  -1.4690148e+01
   2.7000000e+02  -1.4311936e+01
   2.8000000e+02  -1.4129882e+01
   2.9000000e+02  -1.4247289e+01
   3.0000000e+02  -1.3711105e+01
   3.1000000e+02  -1.4416672e+01
   3.2000000e+02  -1.4217853e+01
   3.3000000e+02  -1.3765684e+01
   3.4000000e+02  -1.4011911e+01
   3.5000000e+02  -1.4074394e+01
   3.6000000e+02  -1.4191435e+01
   3.7000000e+02  -1.4036417e+01
   3.8000000e+02  -1.3525324e+01
   3.9000000e+02  -1.4306153e+01
   4.0000000e+02  -1.3997359e+01
   4.1000000e+02  -1.4340027e+01
   4.2000000e+02  -1.4155388e+01
   4.3000000e+02  -1.4560060e+01
   4.4000000e+02  -1.4428033e+01
   4.5000000e+02  -1.3926362e+01
   4.6000000e+02  -1.4381110e+01
   4.7000000e+02  -1.4858822e+01
   4.8000000e+02  -1.5099940e+01
   4.9000000e+02  -1.4437154e+01
   5.0000000e+02  -1.5130254e+01
   5.1000000e+02  -1.4920505e+01
   5.2000000e+02  -1.5210245e+01
   5.3000000e+02  -1.3751755e+01
   5.4000000e+02  -1.3856418e+01
   5.5000000e+02  -1.3227171e+01
   5.6000000e+02  -1.4120302e+01
   5.7000000e+02  -1.4273777e+01
   5.8000000e+02  -1.4252576e+01
   5.9000000e+02  -1.5035438e+01
