   0.0000000e+00  -1.0204229e-02
   1.0000000e+01   5.9028416e-03
   2.0000000e+01   2.1275969e-02
   3.0000000e+01  -1.2274912e-02
   4.0000000e+01  -2.9125348e-02
   5.0000000e+01  -3.9858649e-02
   6.0000000e+01  -2.4617702e-02
   7.0000000e+01  -6.3462368e-02
   8.0000000e+01  -8.4869942e-02
   9.0000000e+01   2.9969432e-02
   1.0000000e+02   9.1475885e-01
   1.1000000e+02   1.8719561e+00
   1.2000000e+02   2.6220143e+00
   1.3000000e+02   3.6752258e+00
   1.4000000e+02   4.1364164e+00
   1.5000000e+02   5.4599171e+00
   1.6000000e+02   5.8836618e+00
   1.7000000e+02   5.8870885e+00
   1.8000000e+02   6.5025202e+00
   1.9000000e+02   5.9249616e+00
   2.0000000e+02   5.8356918e+00
   2.1000000e+02   5.7559223e+00
   2.2000000e+02   6.0196144e+00
   2.3000000e+02   5.9520539e+00
   2.4000000e+02   6.9921903e+00
   2.5000000e+02   4.7901566e-01
   2.6000000e+02   4.9395471e+00
   2.7000000e+02   7.5334170e+00
   2.8000000e+02   7.1377596e+00
   2.9000000e+02   7.9723496e+00
   3.0000000e+02   8.4543009e+00
   3.1000000e+02   6.9997566e+00
   3.2000000e+02   7.5627086e+00
   3.3000000e+02   8.5926292e+00
   3.4000000e+02   8.2651441e+00
   3.5000000e+02   9.7841916e-01
   3.6000000e+02   6.9564441e+00
   3.7000000e+02   8.7036744e+00
   3.8000000e+02   7.4473794e+00
   3.9000000e+02   8.0627914e+00
   4.0000000e+02   7.1923997e+00
   4.1000000e+02   8.3164427e+00
   4.2000000e+02   4.1107186e+00
   4.3000000e+02   7.1949453e+00
   4.4000000e+02   7.6896066e+00
   4.5000000e+02   6.2894809e+00
   4.6000000e+02   7.3013461e+00
   4.7000000e+02   6.2919399e+00
   4.8000000e+02   7.7882639e+00
   4.9000000e+02   7.3111030e+00
   5.0000000e+02   7.6451429e+00
   5.1000000e+02   8.0248394e+00
   5.2000000e+02   7.4289850e+00
   5.3000000e+02   7.5993897e+00
   5.4000000e+02   6.4426268e+00
   5.5000000e+02   6.0150033e+00
   5.6000000e+02   6.8836236e+00
   5.7000000e+02   7.4557498e+00
   5.8000000e+02   7.4700309e+00
   5.9000000e+02   7.4433607e+00
