   0.0000000e+00   7.4671789e-05
   1.0000000e+01  -1.0350722e-02
   2.0000000e+01  -1.2578908e-03
   3.0000000e+01  -3.1605476e-03
   4.0000000e+01   1.6763812e-02
   5.0000000e+01  -1.4214963e-03
   6.0000000e+01  -5.9628346e-03
   7.0000000e+01   2.8741113e-02
   8.0000000e+01   8.4377363e-02
   9.0000000e+01   3.1491321e-01
   1.0000000e+02   1.0942084e+00
   1.1000000e+02   1.4380104e+00
   1.2000000e+02   2.4449110e+00
   1.3000000e+02   2.9133438e+00
   1.4000000e+02   3.9647026e+00
   1.5000000e+02   4.0186977e+00
   1.6000000e+02   4.0197933e+00
   1.7000000e+02   4.8207499e+00
   1.8000000e+02   4.8483854e+00
   1.9000000e+02   5.2902728e+00
   2.0000000e+02   5.2853288e+00
   2.1000000e+02   5.3425344e+00
   2.2000000e+02   5.0554936e+00
   2.3000000e+02   5.0764495e+00
   2.4000000e+02   5.3108669e+00
   2.5000000e+02   5.3605676e+00
   2.6000000e+02   4.8424734e+00
   2.7000000e+02   3.8148156e+00
   2.8000000e+02   5.2626281e+00
   2.9000000e+02   4.7931077e+00
   3.0000000e+02   4.7284965e+00
   3.1000000e+02   5.0902621e+00
   3.2000000e+02   4.8582825e+00
   3.3000000e+02   5.3490020e+00
   3.4000000e+02   4.3690497e+00
   3.5000000e+02   5.3093401e+00
   3.6000000e+02   5.1217727e+00
   3.7000000e+02   4.6556304e+00
   3.8000000e+02   4.1091768e+00
   3.9000000e+02   5.2593072e+00
   4.0000000e+02   5.4291340e+00
   4.1000000e+02   5.2934026e+00
   4.2000000e+02   4.4757928e+00
   4.3000000e+02   4.4034562e+00
   4.4000000e+02   5.3544752e+00
   4.5000000e+02   4.8611531e+00
   4.6000000e+02   4.7551401e+00
   4.7000000e+02   5.5662516e+00
   4.8000000e+02   4.3079716e+00
   4.9000000e+02   5.1844978e+00
   5.0000000e+02   5.6623052e+00
   5.1000000e+02   5.2878007e+00
   5.2000000e+02   5.0389661e+00
   5.3000000e+02   4.7779198e+00
   5.4000000e+02   4.2712124e+00
   5.5000000e+02   4.2428243e+00
   5.6000000e+02   4.4229227e+00
   5.7000000e+02   4.6069706e+00
   5.8000000e+02   4.9850206e+00
   5.9000000e+02   5.0306477e+00
