   0.0000000e+00   1.5661791e+01
   1.0000000e+01   1.5655331e+01
   2.0000000e+01   1.5670921e+01
   3.0000000e+01   1.5647634e+01
   4.0000000e+01   1.5659395e+01
   5.0000000e+01   1.5641467e+01
   6.0000000e+01   1.5644138e+01
   7.0000000e+01   1.5641833e+01
   8.0000000e+01   1.5501418e+01
   9.0000000e+01   1.3784251e+01
   1.0000000e+02   9.8364455e+00
   1.1000000e+02   6.1979333e+00
   1.2000000e+02   3.1707960e+00
   1.3000000e+02   4.1978282e-01
   1.4000000e+02  -2.0611209e+00
   1.5000000e+02  -3.7845510e+00
   1.6000000e+02  -5.1890011e+00
   1.7000000e+02  -6.1562922e+00
   1.8000000e+02  -6.8269440e+00
   1.9000000e+02  -7.4811880e+00
   2.0000000e+02  -7.8943174e+00
   2.1000000e+02  -8.0672982e+00
   2.2000000e+02  -8.2983578e+00
   2.3000000e+02  -8.4629261e+00
   2.4000000e+02  -8.5627775e+00
   2.5000000e+02  -8.6658832e+00
   2.6000000e+02  -8.8634496e+00
   2.7000000e+02  -8.8151794e+00
   2.8000000e+02  -8.8963581e+00
   2.9000000e+02  -8.9441273e+00
   3.0000000e+02  -8.8285616e+00
   3.1000000e+02  -8.9560700e+00
   3.2000000e+02  -8.9359907e+00
   3.3000000e+02  -8.9836728e+00
   3.4000000e+02  -9.0010819e+00
   3.5000000e+02  -9.1252841e+00
   3.6000000e+02  -8.9240014e+00
   3.7000000e+02  -9.0367470e+00
   3.8000000e+02  -8.8941907e+00
   3.9000000e+02  -9.2783655e+00
   4.0000000e+02  -9.1814402e+00
   4.1000000e+02  -9.1932758e+00
   4.2000000e+02  -9.4602681e+00
   4.3000000e+02  -9.3604789e+00
   4.4000000e+02  -9.3882861e+00
   4.5000000e+02  -9.2270181e+00
   4.6000000e+02  -9.4489862e+00
   4.7000000e+02  -9.7927258e+00
   4.8000000e+02  -9.9505640e+00
   4.9000000e+02  -1.0076677e+01
   5.0000000e+02  -1.0199606e+01
   5.1000000e+02  -1.0122640e+01
   5.2000000e+02  -1.0188407e+01
   5.3000000e+02  -1.0145069e+01
   5.4000000e+02  -1.0176722e+01
   5.5000000e+02  -9.9884096e+00
   5.6000000e+02  -9.4700628e+00
   5.7000000e+02  -9.3714767e+00
   5.8000000e+02  -9.3228819e+00
   5.9000000e+02  -9.4883608e+00
