   0.0000000e+00   1.4982130e+01
   1.0000000e+01   1.4987762e+01
   2.0000000e+01   1.4996149e+01
   3.0000000e+01   1.4980526e+01
   4.0000000e+01   1.4980896e+01
   5.0000000e+01   1.4965983e+01
   6.0000000e+01   1.4974005e+01
   7.0000000e+01   1.4969373e+01
   8.0000000e+01   1.4992168e+01
   9.0000000e+01   1.5224602e+01
   1.0000000e+02   1.5365346e+01
   1.1000000e+02   1.4849109e+01
   1.2000000e+02   1.4865207e+01
   1.3000000e+02   1.5171749e+01
   1.4000000e+02   1.5574569e+01
   1.5000000e+02   1.5780210e+01
   1.6000000e+02   1.5887996e+01
   1.7000000e+02   1.5984169e+01
   1.8000000e+02   1.6142231e+01
   1.9000000e+02   1.6330993e+01
   2.0000000e+02   1.6489605e+01
   2.1000000e+02   1.6698149e+01
   2.2000000e+02   1.6863342e+01
   2.3000000e+02   1.6969099e+01
   2.4000000e+02   1.7074270e+01
   2.5000000e+02   1.7078298e+01
   2.6000000e+02   1.7113598e+01
   2.7000000e+02   1.7048469e+01
   2.8000000e+02   1.7000413e+01
   2.9000000e+02   1.6853302e+01
   3.0000000e+02   1.6787449e+01
   3.1000000e+02   1.6644981e+01
   3.2000000e+02   1.6570835e+01
   3.3000000e+02   1.6468604e+01
   3.4000000e+02   1.6364129e+01
   3.5000000e+02   1.6307114e+01
   3.6000000e+02   1.6171445e+01
   3.7000000e+02   1.5992587e+01
   3.8000000e+02   1.5838510e+01
   3.9000000e+02   1.5796353e+01
   4.0000000e+02   1.5771348e+01
   4.1000000e+02   1.5751965e+01
   4.2000000e+02   1.5850319e+01
   4.3000000e+02   1.5840616e+01
   4.4000000e+02   1.5817604e+01
   4.5000000e+02   1.5793387e+01
   4.6000000e+02   1.5817094e+01
   4.7000000e+02   1.5961810e+01
   4.8000000e+02   1.6199106e+01
   4.9000000e+02   1.6467111e+01
   5.0000000e+02   1.6694730e+01
   5.1000000e+02   1.6968262e+01
   5.2000000e+02   1.7056043e+01
   5.3000000e+02   1.7303702e+01
   5.4000000e+02   1.7516623e+01
   5.5000000e+02   1.7445277e+01
   5.6000000e+02   1.7067759e+01
   5.7000000e+02   1.6770997e+01
   5.8000000e+02   1.6599968e+01
   5.9000000e+02   1.6569240e+01
