   0.0000000e+00  -1.2697663e-02
   1.0000000e+01   4.7950925e-03
   2.0000000e+01   1.5507531e-02
   3.0000000e+01   3.6061182e-03
   4.0000000e+01  -2.0704370e-03
   5.0000000e+01  -2.6053789e-02
   6.0000000e+01  -2.1753194e-02
   7.0000000e+01  -2.4059497e-02
   8.0000000e+01   2.6894409e-03
   9.0000000e+01  -3.4645031e-02
   1.0000000e+02  -5.7372574e-02
   1.1000000e+02  -2.8726349e-02
   1.2000000e+02  -1.9474669e-01
   1.3000000e+02  -4.1758413e-01
   1.4000000e+02  -7.1295614e-01
   1.5000000e+02  -1.2408660e+00
   1.6000000e+02  -1.8907147e+00
   1.7000000e+02  -2.5121565e+00
   1.8000000e+02  -3.0675673e+00
   1.9000000e+02  -3.6361600e+00
   2.0000000e+02  -4.0672849e+00
   2.1000000e+02  -4.4562902e+00
   2.2000000e+02  -4.7708538e+00
   2.3000000e+02  -5.0884613e+00
   2.4000000e+02  -5.3462720e+00
   2.5000000e+02  -5.5575700e+00
   2.6000000e+02  -5.8128354e+00
   2.7000000e+02  -5.9993948e+00
   2.8000000e+02  -6.1685750e+00
   2.9000000e+02  -6.3140749e+00
   3.0000000e+02  -6.4857491e+00
   3.1000000e+02  -6.6102382e+00
   3.2000000e+02  -6.7925901e+00
   3.3000000e+02  -6.8535290e+00
   3.4000000e+02  -6.9220855e+00
   3.5000000e+02  -6.9756355e+00
   3.6000000e+02  -7.0822926e+00
   3.7000000e+02  -7.1293666e+00
   3.8000000e+02  -7.1926180e+00
   3.9000000e+02  -7.3138797e+00
   4.0000000e+02  -7.4298237e+00
   4.1000000e+02  -7.5384907e+00
   4.2000000e+02  -7.6671214e+00
   4.3000000e+02  -7.7945616e+00
   4.4000000e+02  -7.9010489e+00
   4.5000000e+02  -7.9580734e+00
   4.6000000e+02  -8.0262686e+00
   4.7000000e+02  -8.1232743e+00
   4.8000000e+02  -8.2430637e+00
   4.9000000e+02  -8.3618397e+00
   5.0000000e+02  -8.4478339e+00
   5.1000000e+02  -8.4649616e+00
   5.2000000e+02  -8.4406737e+00
   5.3000000e+02  -8.4211569e+00
   5.4000000e+02  -8.4423830e+00
   5.5000000e+02  -8.0937630e+00
   5.6000000e+02  -7.9881814e+00
   5.7000000e+02  -8.0654287e+00
   5.8000000e+02  -8.0914158e+00
   5.9000000e+02  -8.2119895e+00
