   0.0000000e+00   1.4223965e+01
   1.0000000e+01   1.4230530e+01
   2.0000000e+01   1.4241249e+01
   3.0000000e+01   1.4232366e+01
   4.0000000e+01   1.4220403e+01
   5.0000000e+01   1.4204784e+01
   6.0000000e+01   1.4203968e+01
   7.0000000e+01   1.4212132e+01
   8.0000000e+01   1.4256812e+01
   9.0000000e+01   1.4945065e+01
   1.0000000e+02   1.7729361e+01
   1.1000000e+02   2.1752350e+01
   1.2000000e+02   2.4224436e+01
   1.3000000e+02   2.6533169e+01
   1.4000000e+02   2.8229885e+01
   1.5000000e+02   2.9186911e+01
   1.6000000e+02   2.9790229e+01
   1.7000000e+02   3.0102417e+01
   1.8000000e+02   3.0370301e+01
   1.9000000e+02   3.0656747e+01
   2.0000000e+02   3.0771841e+01
   2.1000000e+02   3.0824307e+01
   2.2000000e+02   3.1156235e+01
   2.3000000e+02   3.1267303e+01
   2.4000000e+02   3.1636378e+01
   2.5000000e+02   3.1861296e+01
   2.6000000e+02   3.2106252e+01
   2.7000000e+02   3.2336841e+01
   2.8000000e+02   3.2669638e+01
   2.9000000e+02   3.2613207e+01
   3.0000000e+02   3.2770861e+01
   3.1000000e+02   3.2696596e+01
   3.2000000e+02   3.2980462e+01
   3.3000000e+02   3.3226978e+01
   3.4000000e+02   3.3526150e+01
   3.5000000e+02   3.3434993e+01
   3.6000000e+02   3.3248514e+01
   3.7000000e+02   3.3314282e+01
   3.8000000e+02   3.3532606e+01
   3.9000000e+02   3.3070687e+01
   4.0000000e+02   3.3045146e+01
   4.1000000e+02   3.2667283e+01
   4.2000000e+02   3.2771959e+01
   4.3000000e+02   3.3026375e+01
   4.4000000e+02   3.3008977e+01
   4.5000000e+02   3.2588553e+01
   4.6000000e+02   3.2875463e+01
   4.7000000e+02   3.3041125e+01
   4.8000000e+02   3.2982771e+01
   4.9000000e+02   3.3039645e+01
   5.0000000e+02   3.2530146e+01
   5.1000000e+02   3.2993743e+01
   5.2000000e+02   3.3024416e+01
   5.3000000e+02   3.2594320e+01
   5.4000000e+02   3.0837754e+01
   5.5000000e+02   3.0714260e+01
   5.6000000e+02   3.2096997e+01
   5.7000000e+02   3.2995270e+01
   5.8000000e+02   3.2962012e+01
   5.9000000e+02   3.2790695e+01
