   0.0000000e+00   1.3360881e+01
   1.0000000e+01   1.3380255e+01
   2.0000000e+01   1.3389349e+01
   3.0000000e+01   1.3363931e+01
   4.0000000e+01   1.3352660e+01
   5.0000000e+01   1.3337498e+01
   6.0000000e+01   1.3355075e+01
   7.0000000e+01   1.3345548e+01
   8.0000000e+01   1.3358124e+01
   9.0000000e+01   1.3496528e+01
   1.0000000e+02   1.3935606e+01
   1.1000000e+02   1.4840503e+01
   1.2000000e+02   1.5358458e+01
   1.3000000e+02   1.5689069e+01
   1.4000000e+02   1.5956481e+01
   1.5000000e+02   1.6151608e+01
   1.6000000e+02   1.6232410e+01
   1.7000000e+02   1.6253042e+01
   1.8000000e+02   1.6267248e+01
   1.9000000e+02   1.6279410e+01
   2.0000000e+02   1.6327665e+01
   2.1000000e+02   1.6365703e+01
   2.2000000e+02   1.6412451e+01
   2.3000000e+02   1.6378612e+01
   2.4000000e+02   1.6369985e+01
   2.5000000e+02   1.6379824e+01
   2.6000000e+02   1.6364259e+01
   2.7000000e+02   1.6421540e+01
   2.8000000e+02   1.6414354e+01
   2.9000000e+02   1.6442136e+01
   3.0000000e+02   1.6411811e+01
   3.1000000e+02   1.6390824e+01
   3.2000000e+02   1.6404955e+01
   3.3000000e+02   1.6394489e+01
   3.4000000e+02   1.6373190e+01
   3.5000000e+02   1.6348008e+01
   3.6000000e+02   1.6436332e+01
   3.7000000e+02   1.6321175e+01
   3.8000000e+02   1.6274491e+01
   3.9000000e+02   1.6298803e+01
   4.0000000e+02   1.6304014e+01
   4.1000000e+02   1.6290447e+01
   4.2000000e+02   1.6327887e+01
   4.3000000e+02   1.6361637e+01
   4.4000000e+02   1.6313773e+01
   4.5000000e+02   1.6208933e+01
   4.6000000e+02   1.6186390e+01
   4.7000000e+02   1.6177939e+01
   4.8000000e+02   1.6191902e+01
   4.9000000e+02   1.6199906e+01
   5.0000000e+02   1.6207067e+01
   5.1000000e+02   1.6201181e+01
   5.2000000e+02   1.6189327e+01
   5.3000000e+02   1.6187598e+01
   5.4000000e+02   1.6167409e+01
   5.5000000e+02   1.5994432e+01
   5.6000000e+02   1.5981439e+01
   5.7000000e+02   1.6067017e+01
   5.8000000e+02   1.6036277e+01
   5.9000000e+02   1.6121735e+01
