   0.0000000e+00   1.5005620e+01
   1.0000000e+01   1.5005205e+01
   2.0000000e+01   1.5015685e+01
   3.0000000e+01   1.5001458e+01
   4.0000000e+01   1.4997642e+01
   5.0000000e+01   1.4981101e+01
   6.0000000e+01   1.4986099e+01
   7.0000000e+01   1.4985653e+01
   8.0000000e+01   1.4992168e+01
   9.0000000e+01   1.5010419e+01
   1.0000000e+02   1.4986529e+01
   1.1000000e+02   1.4972148e+01
   1.2000000e+02   1.4983593e+01
   1.3000000e+02   1.4979187e+01
   1.4000000e+02   1.4933012e+01
   1.5000000e+02   1.4842910e+01
   1.6000000e+02   1.4743754e+01
   1.7000000e+02   1.4634139e+01
   1.8000000e+02   1.4556237e+01
   1.9000000e+02   1.4467443e+01
   2.0000000e+02   1.4382678e+01
   2.1000000e+02   1.4292564e+01
   2.2000000e+02   1.4184873e+01
   2.3000000e+02   1.3991335e+01
   2.4000000e+02   1.3757157e+01
   2.5000000e+02   1.3452048e+01
   2.6000000e+02   1.3195003e+01
   2.7000000e+02   1.2838361e+01
   2.8000000e+02   1.2438434e+01
   2.9000000e+02   1.1987268e+01
   3.0000000e+02   1.1604253e+01
   3.1000000e+02   1.1171079e+01
   3.2000000e+02   1.0838572e+01
   3.3000000e+02   1.0427446e+01
   3.4000000e+02   1.0104496e+01
   3.5000000e+02   9.8258857e+00
   3.6000000e+02   9.5198321e+00
   3.7000000e+02   9.1372495e+00
   3.8000000e+02   8.8016820e+00
   3.9000000e+02   8.6951690e+00
   4.0000000e+02   8.5400548e+00
   4.1000000e+02   8.4097172e+00
   4.2000000e+02   8.4501304e+00
   4.3000000e+02   8.3953356e+00
   4.4000000e+02   8.3246070e+00
   4.5000000e+02   8.1870695e+00
   4.6000000e+02   8.1520499e+00
   4.7000000e+02   8.3039327e+00
   4.8000000e+02   8.6073983e+00
   4.9000000e+02   8.9601524e+00
   5.0000000e+02   9.2294047e+00
   5.1000000e+02   9.5944827e+00
   5.2000000e+02   9.7976808e+00
   5.3000000e+02   1.0112957e+01
   5.4000000e+02   1.0456534e+01
   5.5000000e+02   1.0490041e+01
   5.6000000e+02   1.0135090e+01
   5.7000000e+02   9.7721782e+00
   5.8000000e+02   9.5215485e+00
   5.9000000e+02   9.4036576e+00
