   0.0000000e+00   1.0467462e-03
   1.0000000e+01   6.3145141e-04
   2.0000000e+01   1.1111441e-02
   3.0000000e+01  -3.1158472e-03
   4.0000000e+01  -6.9318803e-03
   5.0000000e+01  -2.3473029e-02
   6.0000000e+01  -1.8474676e-02
   7.0000000e+01  -1.8920381e-02
   8.0000000e+01  -1.2405227e-02
   9.0000000e+01   5.8454808e-03
   1.0000000e+02  -1.8044499e-02
   1.1000000e+02  -3.2425217e-02
   1.2000000e+02  -2.0980409e-02
   1.3000000e+02  -2.5386353e-02
   1.4000000e+02  -7.1562012e-02
   1.5000000e+02  -1.6166410e-01
   1.6000000e+02  -2.6081993e-01
   1.7000000e+02  -3.7043441e-01
   1.8000000e+02  -4.4833661e-01
   1.9000000e+02  -5.3713038e-01
   2.0000000e+02  -6.2189555e-01
   2.1000000e+02  -7.1200997e-01
   2.2000000e+02  -8.1970101e-01
   2.3000000e+02  -1.0132391e+00
   2.4000000e+02  -1.2474168e+00
   2.5000000e+02  -1.5525253e+00
   2.6000000e+02  -1.8095704e+00
   2.7000000e+02  -2.1662129e+00
   2.8000000e+02  -2.5661394e+00
   2.9000000e+02  -3.0173056e+00
   3.0000000e+02  -3.4003210e+00
   3.1000000e+02  -3.8334944e+00
   3.2000000e+02  -4.1660019e+00
   3.3000000e+02  -4.5771273e+00
   3.4000000e+02  -4.9000780e+00
   3.5000000e+02  -5.1786879e+00
   3.6000000e+02  -5.4847415e+00
   3.7000000e+02  -5.8673241e+00
   3.8000000e+02  -6.2028917e+00
   3.9000000e+02  -6.3094046e+00
   4.0000000e+02  -6.4645188e+00
   4.1000000e+02  -6.5948564e+00
   4.2000000e+02  -6.5544432e+00
   4.3000000e+02  -6.6092380e+00
   4.4000000e+02  -6.6799666e+00
   4.5000000e+02  -6.8175041e+00
   4.6000000e+02  -6.8525238e+00
   4.7000000e+02  -6.7006409e+00
   4.8000000e+02  -6.3971753e+00
   4.9000000e+02  -6.0444212e+00
   5.0000000e+02  -5.7751689e+00
   5.1000000e+02  -5.4100909e+00
   5.2000000e+02  -5.2068928e+00
   5.3000000e+02  -4.8916170e+00
   5.4000000e+02  -4.5480394e+00
   5.5000000e+02  -4.5145331e+00
   5.6000000e+02  -4.8694836e+00
   5.7000000e+02  -5.2323954e+00
   5.8000000e+02  -5.4830251e+00
   5.9000000e+02  -5.6009160e+00
