   0.0000000e+00   1.6123622e+01
   1.0000000e+01   1.6139707e+01
   2.0000000e+01   1.6103236e+01
   3.0000000e+01   1.6047886e+01
   4.0000000e+01   1.6077073e+01
   5.0000000e+01   1.6070305e+01
   6.0000000e+01   1.6089941e+01
   7.0000000e+01   1.6099488e+01
   8.0000000e+01   1.6129702e+01
   9.0000000e+01   1.5657754e+01
   1.0000000e+02   1.3579470e+01
   1.1000000e+02   1.0842148e+01
   1.2000000e+02   8.5727291e+00
   1.3000000e+02   7.5723987e+00
   1.4000000e+02   5.9857664e+00
   1.5000000e+02   4.7813178e+00
   1.6000000e+02   3.9701948e+00
   1.7000000e+02   3.1875396e+00
   1.8000000e+02   2.8340003e+00
   1.9000000e+02   2.4898562e+00
   2.0000000e+02   2.0992910e+00
   2.1000000e+02   1.9735017e+00
   2.2000000e+02   1.9464414e+00
   2.3000000e+02   1.7191548e+00
   2.4000000e+02   1.7997430e+00
   2.5000000e+02   1.8589451e+00
   2.6000000e+02   1.4425376e+00
   2.7000000e+02   1.8207501e+00
   2.8000000e+02   2.0028037e+00
   2.9000000e+02   1.8853971e+00
   3.0000000e+02   2.4215810e+00
   3.1000000e+02   1.7160138e+00
   3.2000000e+02   1.9148331e+00
   3.3000000e+02   2.3670022e+00
   3.4000000e+02   2.1207746e+00
   3.5000000e+02   2.0582917e+00
   3.6000000e+02   1.9412509e+00
   3.7000000e+02   2.0962690e+00
   3.8000000e+02   2.6073615e+00
   3.9000000e+02   1.8265331e+00
   4.0000000e+02   2.1353270e+00
   4.1000000e+02   1.7926586e+00
   4.2000000e+02   1.9772975e+00
   4.3000000e+02   1.5726262e+00
   4.4000000e+02   1.7046528e+00
   4.5000000e+02   2.2063241e+00
   4.6000000e+02   1.7515758e+00
   4.7000000e+02   1.2738637e+00
   4.8000000e+02   1.0327458e+00
   4.9000000e+02   1.6955320e+00
   5.0000000e+02   1.0024315e+00
   5.1000000e+02   1.2121808e+00
   5.2000000e+02   9.2244122e-01
   5.3000000e+02   2.3809312e+00
   5.4000000e+02   2.2762678e+00
   5.5000000e+02   2.9055147e+00
   5.6000000e+02   2.0123841e+00
   5.7000000e+02   1.8589089e+00
   5.8000000e+02   1.8801098e+00
   5.9000000e+02   1.0972475e+00
