   0.0000000e+00   1.3656776e+01
   1.0000000e+01   1.3646351e+01
   2.0000000e+01   1.3655444e+01
   3.0000000e+01   1.3653541e+01
   4.0000000e+01   1.3673466e+01
   5.0000000e+01   1.3655280e+01
   6.0000000e+01   1.3650739e+01
   7.0000000e+01   1.3685443e+01
   8.0000000e+01   1.3741079e+01
   9.0000000e+01   1.3971615e+01
   1.0000000e+02   1.4750910e+01
   1.1000000e+02   1.5094712e+01
   1.2000000e+02   1.6101613e+01
   1.3000000e+02   1.6570046e+01
   1.4000000e+02   1.7621404e+01
   1.5000000e+02   1.7675399e+01
   1.6000000e+02   1.7676495e+01
   1.7000000e+02   1.8477452e+01
   1.8000000e+02   1.8505087e+01
   1.9000000e+02   1.8946975e+01
   2.0000000e+02   1.8942030e+01
   2.1000000e+02   1.8999236e+01
   2.2000000e+02   1.8712195e+01
   2.3000000e+02   1.8733151e+01
   2.4000000e+02   1.8967569e+01
   2.5000000e+02   1.9017269e+01
   2.6000000e+02   1.8499175e+01
   2.7000000e+02   1.7471517e+01
   2.8000000e+02   1.8919330e+01
   2.9000000e+02   1.8449809e+01
   3.0000000e+02   1.8385198e+01
   3.1000000e+02   1.8746964e+01
   3.2000000e+02   1.8514984e+01
   3.3000000e+02   1.9005704e+01
   3.4000000e+02   1.8025751e+01
   3.5000000e+02   1.8966042e+01
   3.6000000e+02   1.8778474e+01
   3.7000000e+02   1.8312332e+01
   3.8000000e+02   1.7765879e+01
   3.9000000e+02   1.8916009e+01
   4.0000000e+02   1.9085836e+01
   4.1000000e+02   1.8950104e+01
   4.2000000e+02   1.8132495e+01
   4.3000000e+02   1.8060158e+01
   4.4000000e+02   1.9011177e+01
   4.5000000e+02   1.8517855e+01
   4.6000000e+02   1.8411842e+01
   4.7000000e+02   1.9222953e+01
   4.8000000e+02   1.7964673e+01
   4.9000000e+02   1.8841199e+01
   5.0000000e+02   1.9319007e+01
   5.1000000e+02   1.8944502e+01
   5.2000000e+02   1.8695668e+01
   5.3000000e+02   1.8434622e+01
   5.4000000e+02   1.7927914e+01
   5.5000000e+02   1.7899526e+01
   5.6000000e+02   1.8079624e+01
   5.7000000e+02   1.8263672e+01
   5.8000000e+02   1.8641722e+01
   5.9000000e+02   1.8687349e+01
