   0.0000000e+00   1.2250435e-03
   1.0000000e+01   3.3665882e-03
   2.0000000e+01  -2.6619682e-03
   3.0000000e+01  -6.4209351e-03
   4.0000000e+01   1.1380169e-02
   5.0000000e+01  -1.9326878e-02
   6.0000000e+01  -1.3402284e-02
   7.0000000e+01  -9.4317693e-03
   8.0000000e+01  -1.5266191e-03
   9.0000000e+01  -8.5088609e-02
   1.0000000e+02  -1.5570656e+00
   1.1000000e+02  -4.0408736e+00
   1.2000000e+02  -6.1728541e+00
   1.3000000e+02  -7.5995968e+00
   1.4000000e+02  -9.4481256e+00
   1.5000000e+02  -1.0807574e+01
   1.6000000e+02  -1.1678242e+01
   1.7000000e+02  -1.2351749e+01
   1.8000000e+02  -1.2700610e+01
   1.9000000e+02  -1.3122572e+01
   2.0000000e+02  -1.3141809e+01
   2.1000000e+02  -1.3517181e+01
   2.2000000e+02  -1.3520173e+01
   2.3000000e+02  -1.3614499e+01
   2.4000000e+02  -1.3464268e+01
   2.5000000e+02  -1.3526348e+01
   2.6000000e+02  -1.3688525e+01
   2.7000000e+02  -1.3613852e+01
   2.8000000e+02  -1.3682307e+01
   2.9000000e+02  -1.3589631e+01
   3.0000000e+02  -1.3665935e+01
   3.1000000e+02  -1.3591934e+01
   3.2000000e+02  -1.3873100e+01
   3.3000000e+02  -1.3737106e+01
   3.4000000e+02  -1.3784233e+01
   3.5000000e+02  -1.3996741e+01
   3.6000000e+02  -1.3877061e+01
   3.7000000e+02  -1.3749616e+01
   3.8000000e+02  -1.3811523e+01
   3.9000000e+02  -1.4087589e+01
   4.0000000e+02  -1.3896805e+01
   4.1000000e+02  -1.4181519e+01
   4.2000000e+02  -1.4289914e+01
   4.3000000e+02  -1.4265786e+01
   4.4000000e+02  -1.4164370e+01
   4.5000000e+02  -1.4330090e+01
   4.6000000e+02  -1.4312334e+01
   4.7000000e+02  -1.4633251e+01
   4.8000000e+02  -1.4867595e+01
   4.9000000e+02  -1.4819357e+01
   5.0000000e+02  -1.4888096e+01
   5.1000000e+02  -1.4742135e+01
   5.2000000e+02  -1.4788403e+01
   5.3000000e+02  -1.4720510e+01
   5.4000000e+02  -1.4686600e+01
   5.5000000e+02  -1.4379634e+01
   5.6000000e+02  -1.4099666e+01
   5.7000000e+02  -1.4008243e+01
   5.8000000e+02  -1.4047098e+01
   5.9000000e+02  -1.4335521e+01
