   0.0000000e+00  -1.8014751e-02
   1.0000000e+01   7.1690495e-03
   2.0000000e+01   2.0448242e-02
   3.0000000e+01  -1.0311152e-02
   4.0000000e+01  -3.5307540e-02
   5.0000000e+01  -5.1394002e-02
   6.0000000e+01  -2.6145219e-02
   7.0000000e+01   1.2506037e-02
   8.0000000e+01   1.3980083e-01
   9.0000000e+01   1.5830964e+00
   1.0000000e+02   6.8290740e+00
   1.1000000e+02   1.3768928e+01
   1.2000000e+02   1.7581040e+01
   1.3000000e+02   2.1801673e+01
   1.4000000e+02   2.5799308e+01
   1.5000000e+02   2.6909749e+01
   1.6000000e+02   2.7630369e+01
   1.7000000e+02   2.8183714e+01
   1.8000000e+02   2.8836495e+01
   1.9000000e+02   2.8916440e+01
   2.0000000e+02   2.9420635e+01
   2.1000000e+02   2.9737360e+01
   2.2000000e+02   2.9664848e+01
   2.3000000e+02   2.9871934e+01
   2.4000000e+02   2.9641544e+01
   2.5000000e+02   2.9576769e+01
   2.6000000e+02   3.0014125e+01
   2.7000000e+02   3.0157278e+01
   2.8000000e+02   2.9657409e+01
   2.9000000e+02   3.0475614e+01
   3.0000000e+02   2.9969165e+01
   3.1000000e+02   2.9584104e+01
   3.2000000e+02   3.0463370e+01
   3.3000000e+02   3.0193672e+01
   3.4000000e+02   2.9913119e+01
   3.5000000e+02   3.0267094e+01
   3.6000000e+02   3.0172162e+01
   3.7000000e+02   2.8721923e+01
   3.8000000e+02   2.8425542e+01
   3.9000000e+02   2.9114375e+01
   4.0000000e+02   2.9412291e+01
   4.1000000e+02   3.0618850e+01
   4.2000000e+02   3.0689797e+01
   4.3000000e+02   2.9929731e+01
   4.4000000e+02   2.9796877e+01
   4.5000000e+02   2.8235515e+01
   4.6000000e+02   2.9514754e+01
   4.7000000e+02   3.0983771e+01
   4.8000000e+02   3.1858279e+01
   4.9000000e+02   3.0878334e+01
   5.0000000e+02   3.0661938e+01
   5.1000000e+02   2.8990026e+01
   5.2000000e+02   3.0186656e+01
   5.3000000e+02   2.8789577e+01
   5.4000000e+02   2.4316607e+01
   5.5000000e+02   2.3042234e+01
   5.6000000e+02   2.7400727e+01
   5.7000000e+02   2.9325225e+01
   5.8000000e+02   2.8826755e+01
   5.9000000e+02   3.0262160e+01
