   0.0000000e+00   1.6629435e+01
   1.0000000e+01   1.6603932e+01
   2.0000000e+01   1.6590008e+01
   3.0000000e+01   1.6601815e+01
   4.0000000e+01   1.6625415e+01
   5.0000000e+01   1.6613075e+01
   6.0000000e+01   1.6615744e+01
   7.0000000e+01   1.6603684e+01
   8.0000000e+01   1.6629008e+01
   9.0000000e+01   1.6508781e+01
   1.0000000e+02   1.5458349e+01
   1.1000000e+02   1.3829278e+01
   1.2000000e+02   1.3026340e+01
   1.3000000e+02   1.2307075e+01
   1.4000000e+02   1.1890803e+01
   1.5000000e+02   1.1532972e+01
   1.6000000e+02   1.1044074e+01
   1.7000000e+02   1.0808539e+01
   1.8000000e+02   1.0440361e+01
   1.9000000e+02   1.0123713e+01
   2.0000000e+02   9.9696873e+00
   2.1000000e+02   9.9371953e+00
   2.2000000e+02   9.7214563e+00
   2.3000000e+02   9.6233211e+00
   2.4000000e+02   9.4161068e+00
   2.5000000e+02   9.3692888e+00
   2.6000000e+02   9.2040872e+00
   2.7000000e+02   9.2217141e+00
   2.8000000e+02   8.9921069e+00
   2.9000000e+02   8.9857076e+00
   3.0000000e+02   9.0077555e+00
   3.1000000e+02   9.0025440e+00
   3.2000000e+02   9.0174378e+00
   3.3000000e+02   8.9583850e+00
   3.4000000e+02   8.8847157e+00
   3.5000000e+02   8.9691082e+00
   3.6000000e+02   8.8057774e+00
   3.7000000e+02   8.8109981e+00
   3.8000000e+02   8.7374997e+00
   3.9000000e+02   8.7943607e+00
   4.0000000e+02   8.6828985e+00
   4.1000000e+02   8.6793069e+00
   4.2000000e+02   8.5929792e+00
   4.3000000e+02   8.4742319e+00
   4.4000000e+02   8.4952394e+00
   4.5000000e+02   8.5500484e+00
   4.6000000e+02   8.4734856e+00
   4.7000000e+02   8.5644306e+00
   4.8000000e+02   8.5474125e+00
   4.9000000e+02   8.4252064e+00
   5.0000000e+02   8.4354338e+00
   5.1000000e+02   8.4131815e+00
   5.2000000e+02   8.5712010e+00
   5.3000000e+02   8.4728315e+00
   5.4000000e+02   8.4292103e+00
   5.5000000e+02   8.4968259e+00
   5.6000000e+02   8.3806046e+00
   5.7000000e+02   8.2886867e+00
   5.8000000e+02   8.3560843e+00
   5.9000000e+02   8.4428542e+00
