   0.0000000e+00   7.5917461e-03
   1.0000000e+01  -1.7911740e-02
   2.0000000e+01  -3.1835886e-02
   3.0000000e+01  -2.0028575e-02
   4.0000000e+01   3.5716036e-03
   5.0000000e+01  -8.7686371e-03
   6.0000000e+01  -6.0991989e-03
   7.0000000e+01  -1.8159569e-02
   8.0000000e+01   7.1644388e-03
   9.0000000e+01  -1.1306277e-01
   1.0000000e+02  -1.1634951e+00
   1.1000000e+02  -2.7925653e+00
   1.2000000e+02  -3.5955035e+00
   1.3000000e+02  -4.3147687e+00
   1.4000000e+02  -4.7310406e+00
   1.5000000e+02  -5.0888712e+00
   1.6000000e+02  -5.5777691e+00
   1.7000000e+02  -5.8133048e+00
   1.8000000e+02  -6.1814824e+00
   1.9000000e+02  -6.4981310e+00
   2.0000000e+02  -6.6521563e+00
   2.1000000e+02  -6.6846483e+00
   2.2000000e+02  -6.9003873e+00
   2.3000000e+02  -6.9985225e+00
   2.4000000e+02  -7.2057369e+00
   2.5000000e+02  -7.2525548e+00
   2.6000000e+02  -7.4177564e+00
   2.7000000e+02  -7.4001295e+00
   2.8000000e+02  -7.6297368e+00
   2.9000000e+02  -7.6361360e+00
   3.0000000e+02  -7.6140881e+00
   3.1000000e+02  -7.6192996e+00
   3.2000000e+02  -7.6044058e+00
   3.3000000e+02  -7.6634586e+00
   3.4000000e+02  -7.7371279e+00
   3.5000000e+02  -7.6527354e+00
   3.6000000e+02  -7.8160662e+00
   3.7000000e+02  -7.8108455e+00
   3.8000000e+02  -7.8843439e+00
   3.9000000e+02  -7.8274829e+00
   4.0000000e+02  -7.9389451e+00
   4.1000000e+02  -7.9425367e+00
   4.2000000e+02  -8.0288644e+00
   4.3000000e+02  -8.1476117e+00
   4.4000000e+02  -8.1266042e+00
   4.5000000e+02  -8.0717952e+00
   4.6000000e+02  -8.1483580e+00
   4.7000000e+02  -8.0574130e+00
   4.8000000e+02  -8.0744311e+00
   4.9000000e+02  -8.1966372e+00
   5.0000000e+02  -8.1864098e+00
   5.1000000e+02  -8.2086621e+00
   5.2000000e+02  -8.0506426e+00
   5.3000000e+02  -8.1490121e+00
   5.4000000e+02  -8.1926333e+00
   5.5000000e+02  -8.1250178e+00
   5.6000000e+02  -8.2412390e+00
   5.7000000e+02  -8.3331569e+00
   5.8000000e+02  -8.2657593e+00
   5.9000000e+02  -8.1789894e+00
