   0.0000000e+00  -2.6998309e-03
   1.0000000e+01   2.9318594e-03
   2.0000000e+01   1.1318805e-02
   3.0000000e+01  -4.3041397e-03
   4.0000000e+01  -3.9338321e-03
   5.0000000e+01  -1.8847115e-02
   6.0000000e+01  -1.0825188e-02
   7.0000000e+01  -1.5457314e-02
   8.0000000e+01   7.3382843e-03
   9.0000000e+01   2.3977222e-01
   1.0000000e+02   3.8051569e-01
   1.1000000e+02  -1.3572105e-01
   1.2000000e+02  -1.1962334e-01
   1.3000000e+02   1.8691842e-01
   1.4000000e+02   5.8973928e-01
   1.5000000e+02   7.9537999e-01
   1.6000000e+02   9.0316549e-01
   1.7000000e+02   9.9933857e-01
   1.8000000e+02   1.1574008e+00
   1.9000000e+02   1.3461630e+00
   2.0000000e+02   1.5047753e+00
   2.1000000e+02   1.7133191e+00
   2.2000000e+02   1.8785124e+00
   2.3000000e+02   1.9842693e+00
   2.4000000e+02   2.0894396e+00
   2.5000000e+02   2.0934680e+00
   2.6000000e+02   2.1287675e+00
   2.7000000e+02   2.0636388e+00
   2.8000000e+02   2.0155830e+00
   2.9000000e+02   1.8684720e+00
   3.0000000e+02   1.8026190e+00
   3.1000000e+02   1.6601511e+00
   3.2000000e+02   1.5860046e+00
   3.3000000e+02   1.4837737e+00
   3.4000000e+02   1.3792989e+00
   3.5000000e+02   1.3222840e+00
   3.6000000e+02   1.1866153e+00
   3.7000000e+02   1.0077573e+00
   3.8000000e+02   8.5368029e-01
   3.9000000e+02   8.1152289e-01
   4.0000000e+02   7.8651802e-01
   4.1000000e+02   7.6713446e-01
   4.2000000e+02   8.6548855e-01
   4.3000000e+02   8.5578552e-01
   4.4000000e+02   8.3277422e-01
   4.5000000e+02   8.0855738e-01
   4.6000000e+02   8.3226344e-01
   4.7000000e+02   9.7697972e-01
   4.8000000e+02   1.2142756e+00
   4.9000000e+02   1.4822806e+00
   5.0000000e+02   1.7099002e+00
   5.1000000e+02   1.9834315e+00
   5.2000000e+02   2.0712127e+00
   5.3000000e+02   2.3188716e+00
   5.4000000e+02   2.5317925e+00
   5.5000000e+02   2.4604471e+00
   5.6000000e+02   2.0829289e+00
   5.7000000e+02   1.7861672e+00
   5.8000000e+02   1.6151378e+00
   5.9000000e+02   1.5844095e+00
