   0.0000000e+00   1.4153689e+01
   1.0000000e+01   1.4189575e+01
   2.0000000e+01   1.4200294e+01
   3.0000000e+01   1.4163021e+01
   4.0000000e+01   1.4187825e+01
   5.0000000e+01   1.4177093e+01
   6.0000000e+01   1.4214672e+01
   7.0000000e+01   1.4240055e+01
   8.0000000e+01   1.4459706e+01
   9.0000000e+01   1.5849757e+01
   1.0000000e+02   1.9758395e+01
   1.1000000e+02   2.1089633e+01
   1.2000000e+02   2.1087367e+01
   1.3000000e+02   2.1671675e+01
   1.4000000e+02   2.1367060e+01
   1.5000000e+02   2.0876055e+01
   1.6000000e+02   2.0489545e+01
   1.7000000e+02   2.0103851e+01
   1.8000000e+02   1.9636308e+01
   1.9000000e+02   1.9494086e+01
   2.0000000e+02   1.9235323e+01
   2.1000000e+02   1.9273506e+01
   2.2000000e+02   1.9311570e+01
   2.3000000e+02   1.9141261e+01
   2.4000000e+02   1.9129638e+01
   2.5000000e+02   1.8945389e+01
   2.6000000e+02   1.9200432e+01
   2.7000000e+02   1.9546167e+01
   2.8000000e+02   1.9634946e+01
   2.9000000e+02   1.9313371e+01
   3.0000000e+02   1.9897500e+01
   3.1000000e+02   1.8644916e+01
   3.2000000e+02   1.9331213e+01
   3.3000000e+02   1.9241954e+01
   3.4000000e+02   1.9973210e+01
   3.5000000e+02   2.0060000e+01
   3.6000000e+02   1.9963889e+01
   3.7000000e+02   2.0715550e+01
   3.8000000e+02   2.0945693e+01
   3.9000000e+02   1.9403565e+01
   4.0000000e+02   1.9692442e+01
   4.1000000e+02   1.9387812e+01
   4.2000000e+02   1.9587402e+01
   4.3000000e+02   1.9468796e+01
   4.4000000e+02   1.9041551e+01
   4.5000000e+02   1.8626175e+01
   4.6000000e+02   1.8255710e+01
   4.7000000e+02   1.8189732e+01
   4.8000000e+02   1.8180936e+01
   4.9000000e+02   1.8575647e+01
   5.0000000e+02   1.8084704e+01
   5.1000000e+02   1.9249154e+01
   5.2000000e+02   1.8372785e+01
   5.3000000e+02   1.9090705e+01
   5.4000000e+02   2.2451521e+01
   5.5000000e+02   2.3053987e+01
   5.6000000e+02   2.0126149e+01
   5.7000000e+02   1.9264145e+01
   5.8000000e+02   1.8881289e+01
   5.9000000e+02   1.8350081e+01
