   0.0000000e+00   1.4052923e+01
   1.0000000e+01   1.4078107e+01
   2.0000000e+01   1.4091386e+01
   3.0000000e+01   1.4060626e+01
   4.0000000e+01   1.4035630e+01
   5.0000000e+01   1.4019544e+01
   6.0000000e+01   1.4044792e+01
   7.0000000e+01   1.4083444e+01
   8.0000000e+01   1.4210738e+01
   9.0000000e+01   1.5654034e+01
   1.0000000e+02   2.0900012e+01
   1.1000000e+02   2.7839866e+01
   1.2000000e+02   3.1651978e+01
   1.3000000e+02   3.5872610e+01
   1.4000000e+02   3.9870246e+01
   1.5000000e+02   4.0980686e+01
   1.6000000e+02   4.1701307e+01
   1.7000000e+02   4.2254651e+01
   1.8000000e+02   4.2907433e+01
   1.9000000e+02   4.2987377e+01
   2.0000000e+02   4.3491573e+01
   2.1000000e+02   4.3808298e+01
   2.2000000e+02   4.3735786e+01
   2.3000000e+02   4.3942872e+01
   2.4000000e+02   4.3712482e+01
   2.5000000e+02   4.3647707e+01
   2.6000000e+02   4.4085063e+01
   2.7000000e+02   4.4228216e+01
   2.8000000e+02   4.3728347e+01
   2.9000000e+02   4.4546552e+01
   3.0000000e+02   4.4040102e+01
   3.1000000e+02   4.3655041e+01
   3.2000000e+02   4.4534308e+01
   3.3000000e+02   4.4264610e+01
   3.4000000e+02   4.3984057e+01
   3.5000000e+02   4.4338032e+01
   3.6000000e+02   4.4243099e+01
   3.7000000e+02   4.2792861e+01
   3.8000000e+02   4.2496480e+01
   3.9000000e+02   4.3185312e+01
   4.0000000e+02   4.3483228e+01
   4.1000000e+02   4.4689788e+01
   4.2000000e+02   4.4760734e+01
   4.3000000e+02   4.4000668e+01
   4.4000000e+02   4.3867814e+01
   4.5000000e+02   4.2306453e+01
   4.6000000e+02   4.3585691e+01
   4.7000000e+02   4.5054709e+01
   4.8000000e+02   4.5929216e+01
   4.9000000e+02   4.4949272e+01
   5.0000000e+02   4.4732875e+01
   5.1000000e+02   4.3060964e+01
   5.2000000e+02   4.4257594e+01
   5.3000000e+02   4.2860515e+01
   5.4000000e+02   3.8387544e+01
   5.5000000e+02   3.7113171e+01
   5.6000000e+02   4.1471664e+01
   5.7000000e+02   4.3396163e+01
   5.8000000e+02   4.2897693e+01
   5.9000000e+02   4.4333098e+01
