   0.0000000e+00   1.6264674e+01
   1.0000000e+01   1.6246832e+01
   2.0000000e+01   1.6241269e+01
   3.0000000e+01   1.6265860e+01
   4.0000000e+01   1.6293184e+01
   5.0000000e+01   1.6251098e+01
   6.0000000e+01   1.6234017e+01
   7.0000000e+01   1.6234269e+01
   8.0000000e+01   1.6230089e+01
   9.0000000e+01   1.5700294e+01
   1.0000000e+02   1.3438390e+01
   1.1000000e+02   9.1108613e+00
   1.2000000e+02   5.9377565e+00
   1.3000000e+02   3.6115413e+00
   1.4000000e+02   1.3757598e+00
   1.5000000e+02  -6.2551510e-01
   1.6000000e+02  -2.1313866e+00
   1.7000000e+02  -2.8174468e+00
   1.8000000e+02  -3.3345943e+00
   1.9000000e+02  -3.8540356e+00
   2.0000000e+02  -4.3013964e+00
   2.1000000e+02  -4.5239763e+00
   2.2000000e+02  -4.6075479e+00
   2.3000000e+02  -4.8434390e+00
   2.4000000e+02  -4.9276245e+00
   2.5000000e+02  -4.8933079e+00
   2.6000000e+02  -5.1572592e+00
   2.7000000e+02  -5.1297773e+00
   2.8000000e+02  -5.1809014e+00
   2.9000000e+02  -5.3461167e+00
   3.0000000e+02  -5.3329156e+00
   3.1000000e+02  -5.4296132e+00
   3.2000000e+02  -5.4491722e+00
   3.3000000e+02  -5.4701283e+00
   3.4000000e+02  -5.5669339e+00
   3.5000000e+02  -5.3808908e+00
   3.6000000e+02  -5.3154168e+00
   3.7000000e+02  -5.5119112e+00
   3.8000000e+02  -5.3793204e+00
   3.9000000e+02  -5.1103340e+00
   4.0000000e+02  -5.1566136e+00
   4.1000000e+02  -5.9654136e+00
   4.2000000e+02  -5.9970716e+00
   4.3000000e+02  -5.8352467e+00
   4.4000000e+02  -5.7792729e+00
   4.5000000e+02  -5.7781260e+00
   4.6000000e+02  -5.9737073e+00
   4.7000000e+02  -6.2285667e+00
   4.8000000e+02  -6.2268767e+00
   4.9000000e+02  -6.1914905e+00
   5.0000000e+02  -6.3650970e+00
   5.1000000e+02  -6.3782909e+00
   5.2000000e+02  -6.1701637e+00
   5.3000000e+02  -6.3738681e+00
   5.4000000e+02  -6.4279712e+00
   5.5000000e+02  -6.0837999e+00
   5.6000000e+02  -5.8069275e+00
   5.7000000e+02  -5.7349459e+00
   5.8000000e+02  -5.3921940e+00
   5.9000000e+02  -5.5824451e+00
