   0.0000000e+00   1.5665278e+01
   1.0000000e+01   1.5663700e+01
   2.0000000e+01   1.5676965e+01
   3.0000000e+01   1.5657863e+01
   4.0000000e+01   1.5667299e+01
   5.0000000e+01   1.5650068e+01
   6.0000000e+01   1.5660411e+01
   7.0000000e+01   1.5645552e+01
   8.0000000e+01   1.5470263e+01
   9.0000000e+01   1.3013845e+01
   1.0000000e+02   5.4580565e+00
   1.1000000e+02   4.0546953e-01
   1.2000000e+02  -2.8712976e+00
   1.3000000e+02  -4.5872734e+00
   1.4000000e+02  -6.1482191e+00
   1.5000000e+02  -7.7613015e+00
   1.6000000e+02  -8.9744617e+00
   1.7000000e+02  -9.8017926e+00
   1.8000000e+02  -1.0450972e+01
   1.9000000e+02  -1.0872689e+01
   2.0000000e+02  -1.1068386e+01
   2.1000000e+02  -1.1261008e+01
   2.2000000e+02  -1.1288369e+01
   2.3000000e+02  -1.1541991e+01
   2.4000000e+02  -1.1327026e+01
   2.5000000e+02  -1.1505380e+01
   2.6000000e+02  -1.1708643e+01
   2.7000000e+02  -1.1604347e+01
   2.8000000e+02  -1.1687325e+01
   2.9000000e+02  -1.1882806e+01
   3.0000000e+02  -1.1440041e+01
   3.1000000e+02  -1.1920795e+01
   3.2000000e+02  -1.1981007e+01
   3.3000000e+02  -1.2067911e+01
   3.4000000e+02  -1.1917400e+01
   3.5000000e+02  -1.2120161e+01
   3.6000000e+02  -1.1973052e+01
   3.7000000e+02  -1.1934695e+01
   3.8000000e+02  -1.2010972e+01
   3.9000000e+02  -1.2764142e+01
   4.0000000e+02  -1.2544314e+01
   4.1000000e+02  -1.2412173e+01
   4.2000000e+02  -1.2499812e+01
   4.3000000e+02  -1.2475423e+01
   4.4000000e+02  -1.2405817e+01
   4.5000000e+02  -1.2382501e+01
   4.6000000e+02  -1.2590132e+01
   4.7000000e+02  -1.2810684e+01
   4.8000000e+02  -1.3292560e+01
   4.9000000e+02  -1.2965284e+01
   5.0000000e+02  -1.3190014e+01
   5.1000000e+02  -1.2996262e+01
   5.2000000e+02  -1.3129579e+01
   5.3000000e+02  -1.2902609e+01
   5.4000000e+02  -1.2764974e+01
   5.5000000e+02  -1.2457889e+01
   5.6000000e+02  -1.1738571e+01
   5.7000000e+02  -1.2002986e+01
   5.8000000e+02  -1.1764326e+01
   5.9000000e+02  -1.2507562e+01
