   0.0000000e+00  -7.3453509e-04
   1.0000000e+01  -2.3119613e-03
   2.0000000e+01   1.0952708e-02
   3.0000000e+01  -8.1497096e-03
   4.0000000e+01   1.2865657e-03
   5.0000000e+01  -1.5944163e-02
   6.0000000e+01  -5.6014502e-03
   7.0000000e+01  -2.0459892e-02
   8.0000000e+01  -1.9574882e-01
   9.0000000e+01  -2.6521675e+00
   1.0000000e+02  -1.0207956e+01
   1.1000000e+02  -1.5260543e+01
   1.2000000e+02  -1.8537310e+01
   1.3000000e+02  -2.0253286e+01
   1.4000000e+02  -2.1814231e+01
   1.5000000e+02  -2.3427314e+01
   1.6000000e+02  -2.4640474e+01
   1.7000000e+02  -2.5467805e+01
   1.8000000e+02  -2.6116984e+01
   1.9000000e+02  -2.6538701e+01
   2.0000000e+02  -2.6734398e+01
   2.1000000e+02  -2.6927020e+01
   2.2000000e+02  -2.6954381e+01
   2.3000000e+02  -2.7208003e+01
   2.4000000e+02  -2.6993038e+01
   2.5000000e+02  -2.7171392e+01
   2.6000000e+02  -2.7374655e+01
   2.7000000e+02  -2.7270359e+01
   2.8000000e+02  -2.7353337e+01
   2.9000000e+02  -2.7548818e+01
   3.0000000e+02  -2.7106054e+01
   3.1000000e+02  -2.7586807e+01
   3.2000000e+02  -2.7647019e+01
   3.3000000e+02  -2.7733923e+01
   3.4000000e+02  -2.7583412e+01
   3.5000000e+02  -2.7786173e+01
   3.6000000e+02  -2.7639064e+01
   3.7000000e+02  -2.7600708e+01
   3.8000000e+02  -2.7676984e+01
   3.9000000e+02  -2.8430155e+01
   4.0000000e+02  -2.8210326e+01
   4.1000000e+02  -2.8078185e+01
   4.2000000e+02  -2.8165825e+01
   4.3000000e+02  -2.8141435e+01
   4.4000000e+02  -2.8071830e+01
   4.5000000e+02  -2.8048513e+01
   4.6000000e+02  -2.8256144e+01
   4.7000000e+02  -2.8476697e+01
   4.8000000e+02  -2.8958572e+01
   4.9000000e+02  -2.8631296e+01
   5.0000000e+02  -2.8856026e+01
   5.1000000e+02  -2.8662274e+01
   5.2000000e+02  -2.8795591e+01
   5.3000000e+02  -2.8568622e+01
   5.4000000e+02  -2.8430986e+01
   5.5000000e+02  -2.8123902e+01
   5.6000000e+02  -2.7404583e+01
   5.7000000e+02  -2.7668998e+01
   5.8000000e+02  -2.7430339e+01
   5.9000000e+02  -2.8173574e+01
