   0.0000000e+00   1.5004225e+01
   1.0000000e+01   1.5021718e+01
   2.0000000e+01   1.5032430e+01
   3.0000000e+01   1.5020529e+01
   4.0000000e+01   1.5014852e+01
   5.0000000e+01   1.4990869e+01
   6.0000000e+01   1.4995169e+01
   7.0000000e+01   1.4992863e+01
   8.0000000e+01   1.5019612e+01
   9.0000000e+01   1.4982278e+01
   1.0000000e+02   1.4959550e+01
   1.1000000e+02   1.4988196e+01
   1.2000000e+02   1.4822176e+01
   1.3000000e+02   1.4599338e+01
   1.4000000e+02   1.4303966e+01
   1.5000000e+02   1.3776057e+01
   1.6000000e+02   1.3126208e+01
   1.7000000e+02   1.2504766e+01
   1.8000000e+02   1.1949355e+01
   1.9000000e+02   1.1380763e+01
   2.0000000e+02   1.0949638e+01
   2.1000000e+02   1.0560632e+01
   2.2000000e+02   1.0246069e+01
   2.3000000e+02   9.9284612e+00
   2.4000000e+02   9.6706506e+00
   2.5000000e+02   9.4593526e+00
   2.6000000e+02   9.2040872e+00
   2.7000000e+02   9.0175278e+00
   2.8000000e+02   8.8483476e+00
   2.9000000e+02   8.7028477e+00
   3.0000000e+02   8.5311735e+00
   3.1000000e+02   8.4066844e+00
   3.2000000e+02   8.2243325e+00
   3.3000000e+02   8.1633936e+00
   3.4000000e+02   8.0948371e+00
   3.5000000e+02   8.0412871e+00
   3.6000000e+02   7.9346300e+00
   3.7000000e+02   7.8875560e+00
   3.8000000e+02   7.8243046e+00
   3.9000000e+02   7.7030429e+00
   4.0000000e+02   7.5870988e+00
   4.1000000e+02   7.4784319e+00
   4.2000000e+02   7.3498012e+00
   4.3000000e+02   7.2223609e+00
   4.4000000e+02   7.1158737e+00
   4.5000000e+02   7.0588491e+00
   4.6000000e+02   6.9906540e+00
   4.7000000e+02   6.8936483e+00
   4.8000000e+02   6.7738589e+00
   4.9000000e+02   6.6550829e+00
   5.0000000e+02   6.5690887e+00
   5.1000000e+02   6.5519610e+00
   5.2000000e+02   6.5762489e+00
   5.3000000e+02   6.5957657e+00
   5.4000000e+02   6.5745396e+00
   5.5000000e+02   6.9231596e+00
   5.6000000e+02   7.0287412e+00
   5.7000000e+02   6.9514938e+00
   5.8000000e+02   6.9255068e+00
   5.9000000e+02   6.8049331e+00
