   0.0000000e+00   1.4113197e+01
   1.0000000e+01   1.4129304e+01
   2.0000000e+01   1.4144677e+01
   3.0000000e+01   1.4111126e+01
   4.0000000e+01   1.4094276e+01
   5.0000000e+01   1.4083543e+01
   6.0000000e+01   1.4098784e+01
   7.0000000e+01   1.4059939e+01
   8.0000000e+01   1.4038531e+01
   9.0000000e+01   1.4153371e+01
   1.0000000e+02   1.5038160e+01
   1.1000000e+02   1.5995357e+01
   1.2000000e+02   1.6745416e+01
   1.3000000e+02   1.7798627e+01
   1.4000000e+02   1.8259818e+01
   1.5000000e+02   1.9583318e+01
   1.6000000e+02   2.0007063e+01
   1.7000000e+02   2.0010490e+01
   1.8000000e+02   2.0625921e+01
   1.9000000e+02   2.0048363e+01
   2.0000000e+02   1.9959093e+01
   2.1000000e+02   1.9879324e+01
   2.2000000e+02   2.0143016e+01
   2.3000000e+02   2.0075455e+01
   2.4000000e+02   2.1115592e+01
   2.5000000e+02   1.4602417e+01
   2.6000000e+02   1.9062948e+01
   2.7000000e+02   2.1656818e+01
   2.8000000e+02   2.1261161e+01
   2.9000000e+02   2.2095751e+01
   3.0000000e+02   2.2577702e+01
   3.1000000e+02   2.1123158e+01
   3.2000000e+02   2.1686110e+01
   3.3000000e+02   2.2716030e+01
   3.4000000e+02   2.2388545e+01
   3.5000000e+02   1.5101820e+01
   3.6000000e+02   2.1079845e+01
   3.7000000e+02   2.2827076e+01
   3.8000000e+02   2.1570781e+01
   3.9000000e+02   2.2186193e+01
   4.0000000e+02   2.1315801e+01
   4.1000000e+02   2.2439844e+01
   4.2000000e+02   1.8234120e+01
   4.3000000e+02   2.1318347e+01
   4.4000000e+02   2.1813008e+01
   4.5000000e+02   2.0412882e+01
   4.6000000e+02   2.1424747e+01
   4.7000000e+02   2.0415341e+01
   4.8000000e+02   2.1911665e+01
   4.9000000e+02   2.1434504e+01
   5.0000000e+02   2.1768544e+01
   5.1000000e+02   2.2148241e+01
   5.2000000e+02   2.1552386e+01
   5.3000000e+02   2.1722791e+01
   5.4000000e+02   2.0566028e+01
   5.5000000e+02   2.0138405e+01
   5.6000000e+02   2.1007025e+01
   5.7000000e+02   2.1579151e+01
   5.8000000e+02   2.1593432e+01
   5.9000000e+02   2.1566762e+01
