   0.0000000e+00   1.1325399e-02
   1.0000000e+01  -6.5168915e-03
   2.0000000e+01  -1.2079481e-02
   3.0000000e+01   1.2510925e-02
   4.0000000e+01   3.9834744e-02
   5.0000000e+01  -2.2510318e-03
   6.0000000e+01  -1.9332065e-02
   7.0000000e+01  -1.9080265e-02
   8.0000000e+01  -2.3259881e-02
   9.0000000e+01  -5.5305466e-01
   1.0000000e+02  -2.8149587e+00
   1.1000000e+02  -7.1424875e+00
   1.2000000e+02  -1.0315592e+01
   1.3000000e+02  -1.2641808e+01
   1.4000000e+02  -1.4877589e+01
   1.5000000e+02  -1.6878864e+01
   1.6000000e+02  -1.8384735e+01
   1.7000000e+02  -1.9070796e+01
   1.8000000e+02  -1.9587943e+01
   1.9000000e+02  -2.0107384e+01
   2.0000000e+02  -2.0554745e+01
   2.1000000e+02  -2.0777325e+01
   2.2000000e+02  -2.0860897e+01
   2.3000000e+02  -2.1096788e+01
   2.4000000e+02  -2.1180973e+01
   2.5000000e+02  -2.1146657e+01
   2.6000000e+02  -2.1410608e+01
   2.7000000e+02  -2.1383126e+01
   2.8000000e+02  -2.1434250e+01
   2.9000000e+02  -2.1599465e+01
   3.0000000e+02  -2.1586264e+01
   3.1000000e+02  -2.1682962e+01
   3.2000000e+02  -2.1702521e+01
   3.3000000e+02  -2.1723477e+01
   3.4000000e+02  -2.1820283e+01
   3.5000000e+02  -2.1634240e+01
   3.6000000e+02  -2.1568766e+01
   3.7000000e+02  -2.1765260e+01
   3.8000000e+02  -2.1632669e+01
   3.9000000e+02  -2.1363683e+01
   4.0000000e+02  -2.1409962e+01
   4.1000000e+02  -2.2218762e+01
   4.2000000e+02  -2.2250420e+01
   4.3000000e+02  -2.2088596e+01
   4.4000000e+02  -2.2032622e+01
   4.5000000e+02  -2.2031475e+01
   4.6000000e+02  -2.2227056e+01
   4.7000000e+02  -2.2481916e+01
   4.8000000e+02  -2.2480226e+01
   4.9000000e+02  -2.2444839e+01
   5.0000000e+02  -2.2618446e+01
   5.1000000e+02  -2.2631640e+01
   5.2000000e+02  -2.2423513e+01
   5.3000000e+02  -2.2627217e+01
   5.4000000e+02  -2.2681320e+01
   5.5000000e+02  -2.2337149e+01
   5.6000000e+02  -2.2060276e+01
   5.7000000e+02  -2.1988295e+01
   5.8000000e+02  -2.1645543e+01
   5.9000000e+02  -2.1835794e+01
