   0.0000000e+00  -8.7253498e-04
   1.0000000e+01  -4.5415624e-03
   2.0000000e+01   4.3049052e-03
   3.0000000e+01  -4.8000954e-03
   4.0000000e+01   1.1607434e-02
   5.0000000e+01  -1.5382443e-02
   6.0000000e+01  -1.0387251e-02
   7.0000000e+01  -1.8967725e-02
   8.0000000e+01  -2.0771134e-01
   9.0000000e+01  -2.2042110e+00
   1.0000000e+02  -8.3380239e+00
   1.1000000e+02  -1.4721915e+01
   1.2000000e+02  -1.8966027e+01
   1.3000000e+02  -2.3623659e+01
   1.4000000e+02  -2.8336727e+01
   1.5000000e+02  -3.1602237e+01
   1.6000000e+02  -3.3644697e+01
   1.7000000e+02  -3.5021751e+01
   1.8000000e+02  -3.6024646e+01
   1.9000000e+02  -3.6856343e+01
   2.0000000e+02  -3.7382272e+01
   2.1000000e+02  -3.7956821e+01
   2.2000000e+02  -3.8143581e+01
   2.3000000e+02  -3.8356783e+01
   2.4000000e+02  -3.8560639e+01
   2.5000000e+02  -3.8613418e+01
   2.6000000e+02  -3.8939765e+01
   2.7000000e+02  -3.9160324e+01
   2.8000000e+02  -3.9280855e+01
   2.9000000e+02  -3.9371876e+01
   3.0000000e+02  -3.9534516e+01
   3.1000000e+02  -3.9268915e+01
   3.2000000e+02  -3.9471886e+01
   3.3000000e+02  -3.9754352e+01
   3.4000000e+02  -3.9992459e+01
   3.5000000e+02  -3.9881909e+01
   3.6000000e+02  -3.9978531e+01
   3.7000000e+02  -3.9791762e+01
   3.8000000e+02  -3.9932542e+01
   3.9000000e+02  -3.9243198e+01
   4.0000000e+02  -3.9574710e+01
   4.1000000e+02  -4.0056283e+01
   4.2000000e+02  -4.0439426e+01
   4.3000000e+02  -4.0257929e+01
   4.4000000e+02  -4.0240992e+01
   4.5000000e+02  -4.0230482e+01
   4.6000000e+02  -4.0312230e+01
   4.7000000e+02  -4.0411265e+01
   4.8000000e+02  -4.0424011e+01
   4.9000000e+02  -4.0514025e+01
   5.0000000e+02  -4.0534946e+01
   5.1000000e+02  -4.0576290e+01
   5.2000000e+02  -4.0468723e+01
   5.3000000e+02  -4.0475707e+01
   5.4000000e+02  -4.0529951e+01
   5.5000000e+02  -4.0803694e+01
   5.6000000e+02  -4.0255255e+01
   5.7000000e+02  -3.9801264e+01
   5.8000000e+02  -3.9837877e+01
   5.9000000e+02  -3.9643221e+01
