   0.0000000e+00  -2.4966195e-02
   1.0000000e+01   1.0920271e-02
   2.0000000e+01   2.1638777e-02
   3.0000000e+01  -1.5634164e-02
   4.0000000e+01   9.1703207e-03
   5.0000000e+01  -1.5623154e-03
   6.0000000e+01   3.6016904e-02
   7.0000000e+01   6.1400279e-02
   8.0000000e+01   2.8105078e-01
   9.0000000e+01   1.6711023e+00
   1.0000000e+02   5.5797400e+00
   1.1000000e+02   6.9109784e+00
   1.2000000e+02   6.9087121e+00
   1.3000000e+02   7.4930197e+00
   1.4000000e+02   7.1884053e+00
   1.5000000e+02   6.6973996e+00
   1.6000000e+02   6.3108899e+00
   1.7000000e+02   5.9251961e+00
   1.8000000e+02   5.4576532e+00
   1.9000000e+02   5.3154309e+00
   2.0000000e+02   5.0566682e+00
   2.1000000e+02   5.0948514e+00
   2.2000000e+02   5.1329151e+00
   2.3000000e+02   4.9626062e+00
   2.4000000e+02   4.9509835e+00
   2.5000000e+02   4.7667339e+00
   2.6000000e+02   5.0217768e+00
   2.7000000e+02   5.3675123e+00
   2.8000000e+02   5.4562908e+00
   2.9000000e+02   5.1347165e+00
   3.0000000e+02   5.7188449e+00
   3.1000000e+02   4.4662614e+00
   3.2000000e+02   5.1525580e+00
   3.3000000e+02   5.0632991e+00
   3.4000000e+02   5.7945555e+00
   3.5000000e+02   5.8813445e+00
   3.6000000e+02   5.7852336e+00
   3.7000000e+02   6.5368946e+00
   3.8000000e+02   6.7670382e+00
   3.9000000e+02   5.2249102e+00
   4.0000000e+02   5.5137873e+00
   4.1000000e+02   5.2091571e+00
   4.2000000e+02   5.4087471e+00
   4.3000000e+02   5.2901409e+00
   4.4000000e+02   4.8628961e+00
   4.5000000e+02   4.4475201e+00
   4.6000000e+02   4.0770552e+00
   4.7000000e+02   4.0110774e+00
   4.8000000e+02   4.0022813e+00
   4.9000000e+02   4.3969918e+00
   5.0000000e+02   3.9060492e+00
   5.1000000e+02   5.0704989e+00
   5.2000000e+02   4.1941297e+00
   5.3000000e+02   4.9120497e+00
   5.4000000e+02   8.2728663e+00
   5.5000000e+02   8.8753321e+00
   5.6000000e+02   5.9474942e+00
   5.7000000e+02   5.0854904e+00
   5.8000000e+02   4.7026343e+00
   5.9000000e+02   4.1714257e+00
