   0.0000000e+00  -1.1304056e-02
   1.0000000e+01   8.0704043e-03
   2.0000000e+01   1.7164779e-02
   3.0000000e+01  -8.2535461e-03
   4.0000000e+01  -1.9524228e-02
   5.0000000e+01  -3.4686452e-02
   6.0000000e+01  -1.7109873e-02
   7.0000000e+01  -2.6636390e-02
   8.0000000e+01  -1.4060609e-02
   9.0000000e+01   1.2434309e-01
   1.0000000e+02   5.6342100e-01
   1.1000000e+02   1.4683182e+00
   1.2000000e+02   1.9862732e+00
   1.3000000e+02   2.3168847e+00
   1.4000000e+02   2.5842968e+00
   1.5000000e+02   2.7794234e+00
   1.6000000e+02   2.8602251e+00
   1.7000000e+02   2.8808573e+00
   1.8000000e+02   2.8950633e+00
   1.9000000e+02   2.9072253e+00
   2.0000000e+02   2.9554808e+00
   2.1000000e+02   2.9935186e+00
   2.2000000e+02   3.0402659e+00
   2.3000000e+02   3.0064273e+00
   2.4000000e+02   2.9978000e+00
   2.5000000e+02   3.0076391e+00
   2.6000000e+02   2.9920744e+00
   2.7000000e+02   3.0493557e+00
   2.8000000e+02   3.0421693e+00
   2.9000000e+02   3.0699516e+00
   3.0000000e+02   3.0396265e+00
   3.1000000e+02   3.0186388e+00
   3.2000000e+02   3.0327701e+00
   3.3000000e+02   3.0223044e+00
   3.4000000e+02   3.0010058e+00
   3.5000000e+02   2.9758235e+00
   3.6000000e+02   3.0641473e+00
   3.7000000e+02   2.9489906e+00
   3.8000000e+02   2.9023060e+00
   3.9000000e+02   2.9266179e+00
   4.0000000e+02   2.9318289e+00
   4.1000000e+02   2.9182619e+00
   4.2000000e+02   2.9557022e+00
   4.3000000e+02   2.9894521e+00
   4.4000000e+02   2.9415878e+00
   4.5000000e+02   2.8367488e+00
   4.6000000e+02   2.8142055e+00
   4.7000000e+02   2.8057540e+00
   4.8000000e+02   2.8197174e+00
   4.9000000e+02   2.8277218e+00
   5.0000000e+02   2.8348824e+00
   5.1000000e+02   2.8289962e+00
   5.2000000e+02   2.8171421e+00
   5.3000000e+02   2.8154133e+00
   5.4000000e+02   2.7952246e+00
   5.5000000e+02   2.6222473e+00
   5.6000000e+02   2.6092545e+00
   5.7000000e+02   2.6948326e+00
   5.8000000e+02   2.6640922e+00
   5.9000000e+02   2.7495499e+00
