% Model:              H_FullGeometrie_TaRIX.mph
% Version:            COMSOL 6.2.0.290
% Date:               May 3 2025, 13:40
% Dimension:          1
% Nodes:              638
% Expressions:        1
% Description:        Graphique sur ligne
% Longueur d'arc inversée (mm) T-293
0                         -12.518879096500099
0.0011628639641685368     -12.518736317905628
0.15963373307454276       -12.499278970654935
0.331518059323173         -12.478174694256706
0.6638789827136975        -12.437366803599728
0.8056074155976205        -12.419965123723792
0.9207367080350082        -12.405829335649592
1.174578130176826         -12.374662214998676
1.5226343532884812        -12.331927226329373
1.610051967231044         -12.32119392954204
1.6583038580955076        -12.315269472881187
2.0176382010304508        -12.271149735740623
2.3786502224594415        -12.22682401012272
2.414496518864496         -12.222422735360237
2.455814117970448         -12.218276099253846
2.693569016367718         -12.194415006946958
2.8231682594940253        -12.181408421072236
3.1118665536197625        -12.152434647276568
3.2349595797402344        -12.140081025633464
3.2864125298976887        -12.134917205239246
3.7391683984554334        -12.0894786058877
3.7806888308670636        -12.08471201254494
3.824577002064956         -12.079673600069272
3.896932707002861         -12.071367082014529
4.1731679631473355        -12.03965495724857
4.193930637557912         -12.037271378372456
4.543357880477515         -11.997156729436057
4.564582927030756         -11.99472006970676
4.5876027591722846        -11.99272900213877
4.81021844923572          -11.973474175349178
4.835646673253308         -11.971274797358857
4.911507211033978         -11.964713348277186
5.073259990460258         -11.950722772187511
5.15506034344898          -11.943647567256194
5.169605798953171         -11.942389478815848
5.2982945639742525        -11.93125872752181
5.4597943390444925        -11.917290034683266
5.646803322940713         -11.895121563858599
5.828931548871793         -11.873531669198016
6.34523228187156          -11.812328204541938
6.393631286819314         -11.80835917100831
6.4565178272181925        -11.803202065238755
6.622492406331816         -11.789591069084125
6.720090303425607         -11.781587406058502
6.862516146287334         -11.769907559603302
7.159273367176297         -11.747551862265126
7.2453923287600475        -11.741064237686098
7.587276552768969         -11.715308974802365
7.644737239401991         -11.710980272318348
7.98777332977977          -11.685138235553126
8.262115334068298         -11.664471150194087
8.312036959250662         -11.660710390001418
8.43596111085364          -11.651374776135555
8.470264724822627         -11.6484325935512
8.473179188032404         -11.648182623302985
9.087674558134026         -11.595478043030063
9.29245617512835          -11.577914152891235
9.37747857271971          -11.570621876989943
9.465325225391737         -11.56308736789073
9.729342186594536         -11.538428135807491
9.895140552075404         -11.522942538386824
9.933124154619009         -11.519394863016979
9.978206673891961         -11.515184147536491
10.342423502172977        -11.499588182352827
10.410257141108389        -11.496787678795254
10.88553475998954         -11.477165899934482
10.955345629182261        -11.47428376666551
11.050853369870808        -11.470340741172969
11.643918153114427        -11.445856133515006
11.838462291164092        -11.437824402367099
11.95565000317238         -11.432986321887652
11.969374377533484        -11.432419712756444
11.97465322187496         -11.432201776307947
11.97778379065214         -11.432072531155612
12.79138982233863         -11.39848290479971
13.098031085454139        -11.386507952185882
13.128544510133722        -11.385316342123652
13.540014833750547        -11.369247605720577
13.668213120466973        -11.364241207061097
13.790084961133715        -11.359481868731622
13.84722716435553         -11.357250351782863
14.19183042644957         -11.343792907431702
14.389191497506502        -11.336085564167757
14.545036418595302        -11.329999509322487
14.802084165852804        -11.319961282367554
14.909069816202262        -11.315783279445581
14.991888007876014        -11.313459771329315
15.227318504725062        -11.307707815440889
15.551648191167871        -11.299783905519728
15.607527817892958        -11.298418673944864
15.687560622154294        -11.296463340350027
15.769979594176334        -11.294449708735666
15.87503470951006         -11.293279111660267
15.959691752958065        -11.29233580407208
16.10341769785957         -11.29073430974954
16.48073533724032         -11.286529974494158
16.882812882661668        -11.282049747165306
16.974450516432256        -11.281028656990426
17.08079839810769         -11.279843655014378
17.191491080304303        -11.278610240252654
17.383218353685493        -11.276473881782312
17.6021528972895          -11.274624195366405
18.103965267256214        -11.270384592475136
18.385933048827823        -11.268002364587694
18.502362532644895        -11.267018700561538
18.854828450260484        -11.264878436317735
19.217112002723454        -11.265334872404253
19.258984862180114        -11.265387627446463
19.298998239684323        -11.265438039752825
19.33792906568587         -11.265487088167372
19.384911470556702        -11.265546280655876
19.620652977475416        -11.266390590127108
19.79168294745233         -11.267003134881756
20.05893414698376         -11.267960296486057
20.209964433314894        -11.268501212266479
20.341596693712304        -11.26897265391299
20.34954751860124         -11.269001129834965
20.40292968801188         -11.26919231836098
20.522270405446022        -11.269619737780454
20.70404487791957         -11.270372741890707
21.214592347686988        -11.272487694215872
21.246172800023416        -11.272618516823082
21.350014431755568        -11.273048682700862
21.670554048836223        -11.274376523986142
21.724889546648583        -11.2746016097896
22.10039098982088         -11.27615713145481
22.374964108434185        -11.281988349906438
22.511922680933694        -11.284896993546072
22.603940415735465        -11.28685121075336
22.93449821122678         -11.293871398039482
23.192438864179067        -11.299349386207144
23.527778233851606        -11.304808631726237
23.586031704497813        -11.305756984432056
23.645467626581578        -11.307168326348451
23.810392662713483        -11.311084571077135
24.04454784171392         -11.31664472741823
24.061083427818687        -11.31703737491092
24.29162661107543         -11.32251176222858
24.379082483410187        -11.32458845480999
24.574603012604797        -11.329231208025437
24.601002358979898        -11.329858076471293
24.699624241605363        -11.3321999127202
24.937785595569338        -11.33785519810874
24.963826384197702        -11.33823054969344
25.185627681074763        -11.343583907348876
25.613696405649733        -11.353915699885805
25.70725982278249         -11.356173930303882
25.710054008347214        -11.35624137028234
26.20725888213471         -11.368241820932932
26.218313771715373        -11.368626371943437
26.521249073548816        -11.379164159371175
26.569760836518128        -11.380851670344052
26.70146535834283         -11.385433091676786
26.968991985478027        -11.394739166970567
27.120470250692904        -11.4000084299092
27.601770870631384        -11.416750762648388
27.933387484905666        -11.428286246851034
28.144139552006408        -11.435617384785836
28.176334211087806        -11.43673729544549
28.63378090474464         -11.45264985495275
29.08355491046801         -11.463663431206456
29.091858442845506        -11.46386675906856
29.467672467919357        -11.47306928382478
29.62404214181649         -11.476368267668086
29.644096428299775        -11.476791359725826
29.934027486122034        -11.482908133212575
30.062204694336742        -11.485612331081898
30.407128791572504        -11.492889311301798
30.530842219762604        -11.495499335295744
30.720342082345468        -11.499497277923524
30.88566463892444         -11.50295479489221
30.896549654992953        -11.503182441551807
31.164782117221918        -11.508792192023257
31.717068287085368        -11.520342574762246
31.89918376355395         -11.52415129489809
32.46948307866131         -11.536078400309588
32.52357932293762         -11.537209756407618
32.713794491825226        -11.541187871600968
32.84405087072753         -11.543912022797599
32.91302801385061         -11.545354594505504
32.98375383136239         -11.546833737577273
33.710520696565126        -11.562033168439651
34.36823989302937         -11.575788552638073
34.39296522424472         -11.576559397000826
34.52151820559082         -11.580567203412922
34.662144744940335        -11.58711937712538
34.821324220231276        -11.591994439299928
34.95653233952653         -11.596389006327582
35.005777351767364        -11.597989579637812
35.52501547926494         -11.612223121244142
35.67228827599726         -11.616260215919514
35.81134163739506         -11.620071996488276
35.9391439195814          -11.623575358442164
36.32972050439578         -11.634281983737974
36.61797675092535         -11.642183767256912
36.70490712438985         -11.644566733803536
36.71876982524833         -11.644946743126804
36.81942909429239         -11.647706051078451
37.13442552952665         -11.656340846231805
37.29251259990846         -11.660674385651468
37.38565704647536         -11.663227694596628
37.62619801310163         -11.669821489765337
37.79958596839617         -11.67457446252489
37.939130554657496        -11.67839970872562
38.31484317402432         -11.686056287454997
38.335932535811054        -11.686486063700324
38.411784048586796        -11.68803182780132
38.87878819845356         -11.697548819927958
39.43094914063752         -11.708801206744868
39.48656168068847         -11.709934524523648
39.557658664987756        -11.71138339695872
39.8184458422496          -11.716697931130291
40.146181025757414        -11.723376786472286
40.60459939946196         -11.732718810637389
40.63719082556584         -11.733382985347005
40.758103486045655        -11.735847042332637
41.2966430758443          -11.746821842101475
41.31047940269599         -11.747123345175925
41.411359552139444        -11.7493215929865
41.48339443012341         -11.750647608605796
41.68164771082613         -11.75484019143564
41.78707883024009         -11.756168728001768
42.71747809858459         -11.774212541109398
42.71949109395295         -11.774251580383664
42.72197373088011         -11.774299727709497
42.73258972713508         -11.774505610343859
42.79516258398435         -11.775760682426382
42.80602475503002         -11.775978553374285
43.134059165881254        -11.78255819272427
43.71042405830582         -11.793796195403235
43.73199491653736         -11.794216785494305
43.74556382210422         -11.794481352956888
43.835113939793914        -11.796227407367427
43.84496369107404         -11.796419458501576
43.86906382752615         -11.79688936463495
44.14227430369442         -11.802216441463283
44.3459554875119          -11.806187831323216
44.68348767797238         -11.812917648651691
44.693302970901215        -11.81311334888504
45.00403370528383         -11.819308790800921
45.64167108013507         -11.832022194665283
45.813631265887835        -11.835226332980596
45.81516813151153         -11.835254969435068
46.19150104198435         -11.842515627725955
46.43101879744448         -11.84631324311969
46.684774580520724        -11.850632035733602
47.28435765121584         -11.860836630504851
47.35508934483269         -11.862040447467205
47.37940245576755         -11.862454244081626
47.71238424352062         -11.868121422453214
47.893533826316244        -11.871204494967687
48.32794117305977         -11.87859788406724
48.57881475876256         -11.882867623167662
48.739993906520496        -11.885610809172785
49.35604885518801         -11.896095746815641
49.426949198686856        -11.897302434112042
49.70406087146836         -11.902018731928504
49.76760356952035         -11.903100195892351
49.79602195449098         -11.903418557479664
49.81226612119298         -11.903600535403504
50.74664109348868         -11.914068023251
51.07328304326714         -11.919642321147244
51.139554721969375        -11.920773278390858
51.37049992322565         -11.92471446644213
51.45785071100346         -11.926205148557134
51.72928533410649         -11.93030999469878
52.15326092915218         -11.936721684429349
52.39044224099412         -11.940308525273942
53.02958063595712         -11.949974074733145
53.42433488516863         -11.955943856473773
53.607208936685666        -11.958709420557668
53.65614057036325         -11.959449402898203
53.98145960824246         -11.964369131200273
54.33948803431623         -11.969783516390223
54.60131056091079         -11.973743000909188
54.731833509991546        -11.975716870778133
54.921838899732364        -11.97859028052245
55.39282291756243         -11.98635000041778
55.88724147634994         -11.992518602466154
56.52111426957417         -12.00042710213955
56.5396110857196          -12.000657877250912
56.68068495223474         -12.002417982179196
57.023031615149804        -12.006689262632946
57.065117850371365        -12.0072143506018
57.19671405498089         -12.008856207694112
57.32019685744588         -12.010396838106722
57.963889317606274        -12.018189434622478
58.36911287746187         -12.023095106035573
58.53370794439303         -12.025087708131235
58.86733362087355         -12.029126609384567
59.24249950641632         -12.033668399996458
59.56735855438524         -12.0376011716879
60.125621191415846        -12.04551228123604
60.54992463895357         -12.051525062376095
60.6433395706521          -12.052848840306195
60.71935128004766         -12.053579461252633
60.94634314000696         -12.055761296247216
61.12660722414914         -12.057493986076349
61.200280211019944        -12.058202127332775
61.4368597684295          -12.061083634681463
61.784023868418416        -12.065312046959644
62.09369149593802         -12.069083757221161
62.22570077798851         -12.070652858915704
62.313657889660846        -12.0716983433758
62.68161728703083         -12.076072018506576
62.86033368778135         -12.078196294943083
63.15063419688286         -12.081949273750867
63.597842682531365        -12.087730744732436
63.77339139742401         -12.090000222690866
64.04874249347641         -12.093559936834616
64.49913301335368         -12.09938254486779
65.08419579789937         -12.106946183796369
65.15811704412842         -12.107901831002781
65.57338752803778         -12.113270410377417
65.84763182982454         -12.116815815984683
66.62382472844834         -12.124994869273278
66.64192626332225         -12.125185612345781
66.67218394102935         -12.125602840969895
67.44585317832053         -12.136271106873167
67.58588792036122         -12.138202071414312
67.94627690185698         -12.143171540662806
68.24793696765224         -12.14733118620536
68.71126333847677         -12.153720077847586
69.11895387366354         -12.15934179682774
69.25062754039168         -12.161157468979875
69.82368999427511         -12.169059531440867
69.84766355531761         -12.169391984941068
69.93164755308068         -12.17055663352906
70.35415799952773         -12.176415799655603
70.584154485434           -12.179605277290499
71.02608805355365         -12.185733793672268
71.38392150112324         -12.18970103384377
71.4255888785764          -12.190162993156951
71.64744669918142         -12.193887100388057
72.45690263785198         -12.207474634540532
72.64384140993853         -12.21061259033133
72.8049469272065          -12.213316690428645
73.61110558583972         -12.22684778324426
73.69711069102394         -12.228291349034198
74.00438827535787         -12.233448896458958
74.01514441766153         -12.233629434568037
74.10172313756615         -12.235082628281639
74.85837246386288         -12.247782724166465
74.90727941143243         -12.248603610278405
75.22534190811658         -12.253942178707476
75.6570868694362          -12.261313510100955
75.96238247885758         -12.266525927874497
76.04616583529351         -12.267956390163297
76.24341498082862         -12.271324093203482
76.56399300074304         -12.276797432869177
76.73328465046251         -12.279687807891547
77.08690107645032         -12.284782433465757
77.67096447923709         -12.293197156680286
77.72584902508288         -12.294326211894957
77.98273649822964         -12.299610762157176
78.08557827005677         -12.30172636750616
78.76401385103988         -12.315682777616246
78.81361554867152         -12.31670315693259
78.8994970485192          -12.318469864732624
78.93191956297215         -12.319136843177136
78.99113459534856         -12.320354982820295
79.74859478943188         -12.335937044562053
79.77007289938277         -12.336378880632076
79.90138207226016         -12.339080101970195
79.9345615831524          -12.33977627667321
79.99825290471551         -12.341112652215868
80.77128135163716         -12.35733238647309
80.78231642376284         -12.357563925089943
81.01026933152775         -12.362346848152907
81.45565529846152         -12.371691966116348
81.6262326682226          -12.375009792353103
81.79763185105782         -12.378343603318559
81.9719168677773          -12.381733545383875
82.18300152900443         -12.385839261330686
82.36310447265802         -12.389342365362648
82.52030556116401         -12.392400015369935
82.83472736005245         -12.39851569704109
83.13072888830928         -12.40427309403897
83.25149051483166         -12.406621975918377
83.4034321503999          -12.410918407246722
83.7294893782151          -12.420138279621922
83.79145311882814         -12.421518654434733
84.05014412553015         -12.427281549741231
84.47220692091452         -12.436683900961622
84.65493888332091         -12.440754646141071
84.91663052600904         -12.446584387030112
85.03189020792982         -12.449152042892749
85.03712992099291         -12.449297728111015
85.5451472685572          -12.46342266534917
85.57449810401242         -12.464238737301592
86.2190618689817          -12.48216021728615
86.35622236498372         -12.48597383390155
86.42069692076784         -12.487643688302157
86.45450565134794         -12.488519315235163
86.65107373612284         -12.493610317063544
86.77604754006666         -12.496847067653581
87.4374536163765          -12.513977109631915
87.83310674712129         -12.524098241871371
88.0493954095956          -12.529631083607455
88.16696854693058         -12.532638701084245
88.40249436359933         -12.538663645034081
89.23392675012998         -12.55993236876792
89.26752951788907         -12.560791955182566
89.31727090246012         -12.562064380678276
89.36753511082216         -12.563350180436224
89.46543770183924         -12.56585460917259
89.62936490729003         -12.570048001806416
89.71418232627002         -12.572244971136596
90.19896139552513         -12.584801881732014
90.33697584925551         -12.588376778558791
90.34617978810175         -12.588615182080204
90.4264849848354          -12.590695274311248
90.55661616817652         -12.596315439946805
90.70043473963659         -12.602526742820737
91.19322069734378         -12.623809410311212
91.60996827308352         -12.641728446758592
91.80506850077441         -12.647984567424874
92.086685463118           -12.657073776037656
92.36495301276564         -12.666054882104104
92.72593572277756         -12.67770562618431
93.19789556914895         -12.69293816567635
93.29322907417853         -12.696015061711984
93.52431933619259         -12.703473517276423
94.02140149066528         -12.71951688114947
94.23267848163692         -12.726335861902777
94.49977268523907         -12.734956347386332
94.63718525687688         -12.739391348457437
94.76369020264619         -12.74347430508433
94.90218421892706         -12.74794420986252
95.24207085757534         -12.758914076654847
95.37858241344426         -12.76324123332028
95.63298647146183         -12.771305358063103
96.33284944452922         -12.798278835668393
96.35237113160966         -12.799031222649194
96.35809929741994         -12.799251992368623
96.37782976762882         -12.80001242607751
96.38089126130316         -12.800130419362254
96.38859869229675         -12.800427472107291
96.42056891320881         -12.801659639075677
96.45189741432011         -12.802867073467342
96.47075569643833         -12.80359980913727
97.08221732513118         -12.827358057281323
97.61644080476486         -12.848115228946575
97.8309767754791          -12.85946431385263
97.83927186193901         -12.859903129032308
97.9665657749917          -12.865013577123918
98.818950945799           -12.89923414639554
99.10138690295582         -12.910693732213918
99.11107240277671         -12.911086712688178
99.11315167400966         -12.911171077254837
99.14245355238108         -12.912359974706902
99.18219717684867         -12.913972536648034
99.21475982871911         -12.914948615032378
99.3114429983093          -12.917846731326538
100.26875854400838        -12.956275838281929
100.49932065431103        -12.965531194090667
100.54161557714065        -12.96722902101972
101.32607962707843        -12.99871942458953
101.33363234138587        -12.999022609957436
101.34047069062011        -12.999297118874898
101.80492015267639        -13.01794131423236
102.20854781740366        -13.034143966291726
102.39850613876335        -13.041769381632996
102.85748844963639        -13.062992006698504
102.868766137002          -13.063513469345095
102.87155650447122        -13.06364249157796
103.1793493499729         -13.077874351942075
103.64456752617787        -13.099385313679365
103.80479278713103        -13.106793879453443
103.81659788087663        -13.107339728547169
103.83763194960969        -13.108312311027472
103.8696010983908         -13.1097905145272
103.96019256118242        -13.113979322251202
104.2817397494599         -13.128847161939206
104.32307630308193        -13.130755521740872
104.43132978078248        -13.135753194917093
104.55884080521213        -13.141639919667195
104.78049876170306        -13.151873069187943
104.81326731095743        -13.153385875086753
104.8444550576351         -13.15482570102407
104.86536855772492        -13.156115724595427
105.08361916671133        -13.169578245399991
105.80147724183533        -13.203280446253219
106.02821497299507        -13.213925392408115
106.04342184034913        -13.214639328652163
106.10831055428851        -13.217685742067399
106.19032312269229        -13.220853376292547
106.33368818648438        -13.226390674923685
106.64913022643645        -13.24214916318083
106.91659171178098        -13.255510694436085
107.02222462351989        -13.260485006181957
107.43888198245526        -13.280105629720946
107.55208416553106        -13.28543638260528
107.70016517786536        -13.292409598687932
107.87361469686564        -13.300577431662298
108.13255803796025        -13.31277121560632
108.24100152704968        -13.31787787898103
108.38650273621329        -13.32472961071754
108.72500477021141        -13.340669857142636
109.02461293351303        -13.349024023744645
109.17088324841744        -13.353102572760713
109.24803408020169        -13.357159592219476
109.64565193235781        -13.378068548429617
109.72296001433764        -13.382133836977511
109.77840986273227        -13.38504969813831
109.81417265415955        -13.386930304443709
109.93612027845357        -13.393342988186323
109.93992115430835        -13.393542859360055
110.50217992101568        -13.422434639226479
110.69694494071513        -13.432442678954859
110.92655952509512        -13.444241470576866
111.3807316552533         -13.466604389037988
111.74859259976245        -13.484717443012094
111.88807321259489        -13.491585309542334
112.07678756190563        -13.500877389187576
112.39932571080493        -13.516758800321114
112.49678368778925        -13.523888058663394
112.59418951935056        -13.53101350245705
112.79198454180019        -13.539386264634846
112.92133260101537        -13.54486163264236
113.06498351506563        -13.550942447645028
113.35105232657703        -13.563051883441759
113.41465568713477        -13.565744245489412
113.56274367956709        -13.572012884238092
113.92647974360477        -13.587410013660044
113.99376871158184        -13.59025838931219
114.10817129424191        -13.59510110782591
114.39782649118213        -13.607362357110702
114.41633565289433        -13.608145859178691
114.53129783978362        -13.613012266019187
115.06097494540937        -13.635433762685295
115.08157561438918        -13.636520670899731
115.15069460602928        -13.640167445665192
115.48611622436468        -13.655870791343641
115.56469050081955        -13.659549382576756
115.6290486167516         -13.662562419562
116.28788626891304        -13.693407048626828
116.56408987175926        -13.706338000050462
116.59165054395812        -13.707994715233452
116.67511746255693        -13.713012042471426
116.91761022450278        -13.727588662286164
117.08924714249267        -13.734295841780131
117.51444874084277        -13.750911750960146
117.79070179269956        -13.761707090484197
117.86787786183817        -13.764722955336671
118.0071251408869         -13.770164421575782
118.40972820466789        -13.78589723154014
118.6806738254992         -13.796485168758451
118.81814549917355        -13.80185724838718
119.2676434259664         -13.819422602697177
119.30500766849299        -13.82088271212012
119.32736700292732        -13.821756463939794
119.36251775041485        -13.823130075022465
119.83857168794474        -13.841677836146285
120.29047450548713        -13.859284634137408
120.34033729935356        -13.861227361876203
120.36962657401686        -13.862406050949375
120.80202854861597        -13.879807215318792
121.00247281816004        -13.887873699484313
121.17165739270315        -13.894682198897673
121.64574673449374        -13.913760989113504
121.8275358000656         -13.921076731400552
121.9939746627336         -13.927774735056605
122.00297748605274        -13.928137035919153
122.5714160961837         -13.951012726294941
122.69566080072784        -13.956234685392761
122.80517002211748        -13.960060403333836
122.83505200533287        -13.961104334044432
122.8430782047574         -13.96138473029552
122.85326515473679        -13.961740612629503
122.92963967429958        -13.96440876574049
122.93375551228868        -13.964552553040207
122.97364253173038        -13.965946010905745
123.62252072230129        -13.988785580667738
123.68393672081746        -13.990075032874763
123.94835633456887        -13.998206001115953
124.16766205803268        -14.005094805001232
124.42691349058879        -14.013238378491467
124.46018383749532        -14.014356294427785
124.51760850719177        -14.01628581904536
124.58827511766262        -14.018660285720832
124.91405256495301        -14.029606724032458
125.23197154440817        -14.04028911020021
125.27665604940421        -14.041790552922825
125.93874784511097        -14.06403747964729
125.9861866068524         -14.065631468068839
126.00375925132103        -14.066221925972688
126.03570359161664        -14.067295286800336
126.09046445767942        -14.069135305031292
126.16013863923666        -14.071476425132365
126.77554695823389        -14.092154741745116
126.80800637594932        -14.093722475370159
127.01160439050852        -14.101993990608879
127.11287528086048        -14.106108292580824
127.66553021159831        -14.128560838059954
127.74095549842264        -14.131625118478912
127.81162125998347        -14.134496035097975
127.96102562301236        -14.14056584117247
128.0163117388293         -14.142811933554363
128.02109052064822        -14.143006079684538
128.2854313312982         -14.150435412798904
128.3260045415322         -14.15157572818799
128.37903231776792        -14.153066080786214
128.65985165163127        -14.160958544954342
128.90067938371283        -14.167727039915103
128.98795617080992        -14.170179965450519
129.04083600060483        -14.171666159994643
129.29861278261433        -14.178911010224112
129.55194829509526        -14.186031037991633
129.88693409545064        -14.19580467000758
130.07006869527618        -14.201155120048071
130.48443185336367        -14.214127479838648
130.53655077600345        -14.215759153415764
130.5451003140245         -14.216026811582488
130.93983804077595        -14.228384763090459
130.9932726207786         -14.230057625610987
131.06549332926775        -14.23231862057776
131.19142565665408        -14.236261151249794
131.2061070997676         -14.236720779376949
131.27274275813224        -14.238806924629767
131.80960738627573        -14.255614406132844
131.83775099928363        -14.256495490917096
131.91915810838714        -14.259044082142426
131.9277823461715         -14.259314078915246
132.23677383803988        -14.272953430546746
132.47612456614974        -14.283518733572427
132.59730168534804        -14.288867674827877
132.85903383595604        -14.30042092768227
132.9130541271272         -14.302805465010671
132.9776882647892         -14.30565851357081
133.24780698796332        -14.313540536112665
133.29770775999498        -14.314996632918502
133.50503417318833        -14.321046385572133
133.63637137628928        -14.324878784834436
133.7264887422333         -14.327508395627206
133.91824328231036        -14.333103763433016
134.0004717416349         -14.335503177151416
134.1                     -14.338407396328718
