% Model:              V2_FullGeometrie_TaRIX.mph
% Version:            COMSOL 6.2.0.290
% Date:               May 3 2025, 11:24
% Dimension:          1
% Nodes:              668
% Expressions:        1
% Description:        Graphique sur ligne
% Longueur d'arc (mm)     T-293
0                         -13.621693309888325
0.08173877613204183       -13.616341936080307
0.39501461949515715       -13.596632517019774
0.5007175913119966        -13.591205865474643
0.599336285751022         -13.585973479172472
0.9156272197019035        -13.569192113735424
1.0542445312601387        -13.560567118427711
1.1200885643678475        -13.555349195905556
1.2341363345460223        -13.546311286158424
1.4805648806231346        -13.52678263640857
1.5489945071815185        -13.521359814130689
1.9356442658688593        -13.490719095620307
2.106143592976437         -13.477207586119178
2.159386386089949         -13.472988270317622
2.3406509694911364        -13.458623649750546
2.7511999673698426        -13.426088995335068
3.3366022654652525        -13.379697793405526
3.3759142426220734        -13.376582448835709
3.462307649372967         -13.369736056207937
3.5667556688708544        -13.36145889504982
3.6355350358016807        -13.35680175466412
3.8617723314666037        -13.34148293314237
4.0253126700184225        -13.334014864308637
4.233273313864132         -13.324518342430911
4.3475942989650065        -13.319297875153936
4.634768642286716         -13.306184060041378
4.676699896906882         -13.30426926948535
4.728447150183271         -13.301906231394273
4.86029449413315          -13.295885423018284
4.898387073242546         -13.294145925562407
4.942707361578336         -13.292125247640902
4.971700283151627         -13.290803384478387
5.247084242466556         -13.27824790915502
5.400680496036088         -13.271245054027764
5.4768257005603544        -13.267773394898542
5.824903734812267         -13.246456967687674
6.223288478792227         -13.222059739016753
6.423562624489456         -13.209794876460439
6.703670757133239         -13.192640951095662
6.910091890299874         -13.179197704497145
6.982334786879065         -13.17449286125359
7.076400362435535         -13.16836680860947
7.294763924428828         -13.15414580726637
7.475423447467961         -13.142380294301061
7.645267659396495         -13.131319132155209
7.839770242411959         -13.118652085194395
8.04625689660908          -13.111067764326444
8.320356006432924         -13.10100001633272
8.42658788825073          -13.097098085327808
8.479293162989592         -13.095162203725156
8.632912588356724         -13.089519713085421
8.634843541491485         -13.089452155725697
8.700450289198656         -13.08627446112313
8.879827969211199         -13.077586216308116
9.14400729424112          -13.06479056274205
9.151019511596594         -13.064450922597992
9.180213400037815         -13.063036902470952
9.189783720123835         -13.062573359382093
9.396187894821054         -13.052576073206437
9.533648525628564         -13.045918100972676
9.726115620262412         -13.036595864020478
9.889693903674114         -13.028672870632464
10.206886723778375        -13.015252233285754
10.630210965661163        -12.997341105510186
10.77309894526288         -12.991295420885898
10.804829770476658        -12.9897745287487
10.819495376759193        -12.989071590670912
10.913471333691419        -12.984567223292471
11.08433757630116         -12.97637742289658
11.608616751094402        -12.951248165486184
11.618879171794823        -12.950756276767667
11.660488724149943        -12.948761886751555
11.920961109748148        -12.936277168798414
12.157987118481579        -12.919420848570192
12.22855656249321         -12.914402238363898
12.415665880016462        -12.906089580035289
12.756883836437915        -12.890930376181284
12.98851742097024         -12.882308737435203
13.046254849460965        -12.880159691339061
13.376063964552053        -12.867883859010076
13.518399335208159        -12.862585991047345
13.931090114490168        -12.847225218472019
13.934182678545852        -12.847110110077262
13.93451043716616         -12.847097910566445
13.945135068724213        -12.846702450921468
14.430698967007672        -12.8286292663805
14.618514978516025        -12.823588615939931
14.908274959672625        -12.815811969183635
15.436792820873606        -12.80162748209693
15.444361835937286        -12.801424343084397
15.772647397219615        -12.792613737716824
15.978467884873801        -12.787089878896463
15.99025707352311         -12.786773477869298
16.06393738265922         -12.784528686458813
16.06625481096973         -12.784458082206104
16.789015732594095        -12.76243798582331
16.83427602613962         -12.761059056780015
16.86477274543823         -12.760129924229787
17.128038088407664        -12.752109113954923
17.28381537458482         -12.74736310354782
17.475884831641878        -12.741511392656907
17.678294978756142        -12.735344635690714
18.031741592267828        -12.724576305164177
18.189821365845603        -12.719760145703681
18.27749788761487         -12.717088936729722
18.48561985554            -12.710748159778475
18.522313931372622        -12.709630214601393
18.885646324494573        -12.698560697592132
19.022817357923913        -12.694269063601986
19.077131776147795        -12.692569742706187
19.26136003416076         -12.686347793624101
19.279540955904253        -12.685733768552307
19.34203573410008         -12.683996857505871
19.381413972190643        -12.683225600943814
20.178844610742857        -12.6646547387546
20.311679178711415        -12.661546743133862
20.366484364057612        -12.66026443929794
20.369550646456005        -12.660193076474684
20.37018116217655         -12.66017840222878
21.020805914686846        -12.64503615073752
21.26242873613201         -12.639412765653825
21.466336243935288        -12.634667144230416
21.503515015353102        -12.633801867733059
21.659378245959864        -12.63017440009218
22.21156308536046         -12.617323180282906
22.622453093202985        -12.607760371905279
22.708048333388746        -12.60576827946129
22.94857532974317         -12.60017039795558
23.16069743458891         -12.595233594911985
23.385742914244418        -12.592221760717658
23.45477285219041         -12.590818519071941
23.955925884927986        -12.580631072475006
24.01087990872385         -12.579513966229737
24.039795324804444        -12.57892617320464
24.461541158764362        -12.571415371594474
24.51476808776801         -12.57046746204357
24.966743615921942        -12.562418304823062
25.309449446652437        -12.556315113521551
25.42783699350644         -12.554206769334268
25.730979084023843        -12.548808162120565
25.770042250778154        -12.54811249266249
25.927718512973968        -12.54530446225976
26.340905899244866        -12.537946076625039
26.357454705258164        -12.537651361683377
26.5791035685004          -12.533704053838491
26.88869341002598         -12.528190619696414
27.35497138655392         -12.522748690591609
27.74120988368489         -12.51656473684626
28.028730383476244        -12.511961328628907
28.032690872937067        -12.511897918368623
28.267706842061386        -12.508135145125458
28.450772050818273        -12.505204140599112
28.567432072856164        -12.503336330462174
28.80377061030302         -12.499552381957091
29.180442297568867        -12.493521599659232
29.315370139210728        -12.49136130870462
29.669206664151766        -12.485696133638156
29.69819348610305         -12.48531289451146
30.098955241524585        -12.479833666418907
30.36395827733594         -12.476210536070795
30.46890662195716         -12.474775678801265
30.81211997057622         -12.470083254446765
31.024026647806153        -12.467186059284874
31.338396381774714        -12.462530817590554
31.394859513877563        -12.461694701710574
31.513243765557533        -12.460056339925966
31.532367756482913        -12.459791676210509
31.7722237565048          -12.45647222367634
32.07027873347592         -12.452347334790765
32.223344300164335        -12.450229005946827
32.233393530624944        -12.450089931070588
32.37475552704494         -12.448133572100167
32.74569795307427         -12.442999967870957
32.93173648092615         -12.440425314484445
32.93441930476696         -12.440388185930663
32.97728729758508         -12.439794920523994
33.239529938432554        -12.436165651301424
33.44464332311254         -12.433505894723712
33.472195071665965        -12.433148624306881
33.68440185161616         -12.430396885897961
33.75383376193981         -12.429839131796871
34.31072537092268         -12.425365560821726
34.537964816456096        -12.42291851051013
34.61369893917255         -12.422102960163418
34.79911645796278         -12.42010627338192
35.307922862103084        -12.414387532725243
35.33512908274376         -12.414081747816038
35.48913822552196         -12.41235075870281
35.75286171876999         -12.409386632758864
36.05974984305749         -12.4059373570046
36.078196614214505        -12.405730024118572
36.10953589371885         -12.405377785604287
36.263276550128104        -12.403649814149452
36.43223623173035         -12.401750788129622
36.84695750105393         -12.397089519394063
37.21863023815313         -12.392912095573672
37.26998309106327         -12.39233491406537
37.37533423793874         -12.391150817556435
38.39021305160968         -12.383174783712015
38.44821629932967         -12.38271893040158
38.506478159780656        -12.382160116432956
38.731728334538005        -12.379999647420899
39.19078675941685         -12.375596625302306
39.26624595689792         -12.374872864452804
39.34104286704945         -12.374155455879183
39.82476532955031         -12.369515870618928
39.83540785516156         -12.369413793686832
39.870867542912066        -12.369073684931552
39.88036816518178         -12.368982560473912
40.23386943476922         -12.36559198135674
40.29712827712786         -12.364985239236306
40.41172024697829         -12.363886139534554
41.010006751286106        -12.358147722442169
41.12669600248899         -12.357028506834293
41.2542581705829          -12.35580500451481
41.42175706509764         -12.35416536746661
42.225609974550785        -12.346296497552796
42.58209653235542         -12.343104184176367
42.7669383735459          -12.34144893780245
42.90316517465454         -12.340582790199662
43.19998772720153         -12.33869555405926
43.33520756522598         -12.33778037038434
43.48816517564332         -12.336745135391809
43.9630503015341          -12.333531057331776
44.38347242643295         -12.33068559123078
44.54883276982365         -12.329566413091245
44.73235629324268         -12.328324304425468
44.89814254945173         -12.327202243658174
45.23365443959796         -12.324931459954474
45.407710569465316        -12.323753427715262
45.83226443729786         -12.32087999749496
45.83323479736934         -12.320873429984534
45.83722829580907         -12.32085037525521
46.41670692927987         -12.31750500696604
46.52185493747686         -12.316897980594447
46.880794958515935        -12.314825796229503
46.99251087589567         -12.314180852885922
47.051722445960365        -12.31383902059495
47.25395893828369         -12.312671496014636
47.82682069932893         -12.309364327365405
47.928355119662555        -12.308778162474361
48.15221446648967         -12.307485807731908
48.598131483789246        -12.304911499443174
48.74985569092411         -12.304035585609713
48.975915280809154        -12.302730528719279
49.05787464213369         -12.302257371932226
49.169876773270495        -12.30174448734122
49.360495060540885        -12.300871600537077
49.7802555584444          -12.298569793499398
49.78046988373317         -12.29856861822097
49.78054873414582         -12.298568142132387
49.85069673180225         -12.29814459760366
50.02001511496063         -12.297122275125533
50.039066687187265        -12.297007244198781
50.06802158697158         -12.29683241826229
50.22164990165363         -12.295904830386453
50.25665500275287         -12.295677685980019
50.33489288276537         -12.295170008634203
50.5210626208538          -12.294204854441812
50.9048779717042          -12.292215052023971
51.021878193737344        -12.291608491280192
51.178726220868505        -12.290795348754946
51.25635317050113         -12.290392909686979
51.42827504209629         -12.28950162028174
51.67704476960077         -12.28821193084077
51.8088606303079          -12.287528561825528
52.10238273610777         -12.286006863971298
52.32134550714651         -12.284871701841215
52.44921156749732         -12.28420880965756
52.55811326177421         -12.283759414097826
52.7218232011933          -12.283083845913621
53.19515755178436         -12.281130576436617
53.44895956016627         -12.280083232808256
53.85898274124402         -12.27839122426619
54.020991719409714        -12.27772267529726
54.20170671501824         -12.276976933762729
54.448707552835224        -12.275957655958997
54.832244607790166        -12.2743749455096
54.99239679961365         -12.273714058786352
55.15506437120679         -12.273042792054714
55.44845554550416         -12.271832079109696
55.55812436116369         -12.271379517933992
55.80723318869901         -12.270351541264505
55.84277326703836         -12.270208826973136
56.24205425500948         -12.268905788192981
56.267096888760456        -12.268803640517884
56.31185176752059         -12.26868973008547
56.5602560358912          -12.267934397519033
56.8738472350752          -12.267293853084375
57.45003667562684         -12.266116922926846
57.5250415966749          -12.265963717145326
58.30159609250513         -12.264377519376358
58.374073566515136        -12.264229476182749
58.69080578096208         -12.263582515879753
58.72131068331545         -12.263520206269396
59.54135689333381         -12.261845171901859
59.64741403272568         -12.261625908755283
59.66247272786476         -12.261594776321404
59.90864152407546         -12.261085845520943
59.92819959275403         -12.26104541105605
59.943542032347985        -12.261013692007236
60.03674045908132         -12.260821013037969
60.052482095679295        -12.260788468686947
61.158236338163626        -12.258502425937403
61.22451835024541         -12.258410316814283
61.283883381774146        -12.258292683320668
61.50111626920942         -12.257862230193314
61.73040954767629         -12.257407879059107
62.11720102084358         -12.256641440785334
62.152189097708565        -12.256572110918738
62.224652418211704        -12.256428522794048
62.23355294312454         -12.256410886151508
62.26245896499387         -12.256353608049377
62.29152285045622         -12.256296017136059
62.312298436855166        -12.256254849722398
62.3224053028             -12.256234822680886
62.383135198715316        -12.256146240648578
62.40102380074235         -12.256120147919475
63.415270616999784        -12.254640744029633
63.78568363511806         -12.254100451024945
64.16720377855252         -12.2535439569101
64.34713237948677         -12.253281508886754
64.64690493344676         -12.252844253698692
64.88895641146746         -12.252711090703622
65.34293865316006         -12.25272910807305
65.3838590006921          -12.252730732094767
65.4339007706324          -12.252732718121912
65.51799840223062         -12.252736055737259
65.98653272186752         -12.252838526788583
66.02912900522925         -12.252847842831734
66.31384009910177         -12.252910110725226
66.6709741931636          -12.252988217930076
67.18427544214174         -12.253100479756851
67.28174800302966         -12.253121797545901
67.51931153582348         -12.253173754006596
68.02099824057561         -12.253283475668205
68.2641956890316          -12.253336664297468
68.5343670008301          -12.253395752260063
68.8810413947891          -12.25347157187056
68.88853273072942         -12.25347321026723
68.9508452980415          -12.253486838370907
69.11456046751842         -12.253851380135316
69.13862557403012         -12.253904965495895
69.14308731158367         -12.253914900370502
69.14706085052467         -12.253923748181618
69.33055339702803         -12.254332327892781
69.37724934309857         -12.254358599961016
69.71327309330606         -12.254547653607776
70.29765693705123         -12.254876439584066
70.421422660345           -12.254946072642198
70.4992761952441          -12.25498987458976
71.05974897023421         -12.25550012024893
71.23931164323399         -12.255663591301472
71.25005191620124         -12.255673369078206
71.26616683140877         -12.25568803984528
71.81603207765761         -12.256411726343337
72.20739418974281         -12.256926804316166
72.25330012553407         -12.256987221856898
72.30926940852392         -12.2570608839308
72.90820623258594         -12.257849154321994
72.99431277988307         -12.257962480534367
73.26050960011699         -12.25831282645265
73.40778896339944         -12.258544242670595
73.4346212343219          -12.258586403517281
73.51100634760793         -12.258706425451312
73.76510485619558         -12.25910568380314
74.0597521332011          -12.259568655376023
74.20530053258067         -12.259797351775571
74.65609515258008         -12.260505673591371
74.76568588016713         -12.260677870640128
74.85899466628521         -12.260824484299388
74.95079847734122         -12.260968733230625
74.9759798308394          -12.261008300033868
75.022741464771           -12.261081775368279
75.70618674075118         -12.262162220855902
76.02858717166895         -12.262671897494306
76.21249496752583         -12.262962633790485
76.26750110443878         -12.263034031045004
76.77783263659177         -12.26401512447134
77.00870714683705         -12.264458972146901
77.27529082932517         -12.265175692883236
77.50383918114206         -12.266160345464534
77.79615137538325         -12.267419711171254
78.52305913504904         -12.270551440611605
78.62647537524045         -12.270996987766264
79.04524160191579         -12.272801154117845
79.18820893054266         -12.273417098831754
79.96802790614737         -12.276776785135207
79.97765992115575         -12.276818282649257
80.5208208629137          -12.279158377509347
80.58618702357182         -12.27944033314076
80.59121245945656         -12.279462010258305
81.36274558495342         -12.282790003020366
81.42191491334803         -12.283045228739295
82.11688774681637         -12.286042980207348
82.64979781475492         -12.287799413627537
82.73163303905015         -12.28806913666628
82.77047884179974         -12.288287743764709
82.8105588508476          -12.288513296433543
82.86695416884916         -12.28885482940338
83.25941434271783         -12.291231588564854
83.34513503323544         -12.291750717511126
83.7110482903493          -12.293966707168288
83.78350517212337         -12.294405509801098
83.7994891224201          -12.29450230943284
84.15218904671744         -12.296638278461373
84.1933244561697          -12.296887396633831
84.74311733236006         -12.300216970798054
84.75645149339914         -12.300297723168663
84.75732446118917         -12.300303009906862
84.9758835961336          -12.301626615360066
85.04614338102613         -12.302049737752366
85.04883741264271         -12.302065961899713
85.73272999645089         -12.306184537932658
85.77151111651294         -12.306418087755247
85.95416333319343         -12.307518066114133
86.10692862393866         -12.30818985149265
86.94039411674645         -12.311826342867286
87.01008543089023         -12.31223667282737
87.20055673609491         -12.3133581337156
87.20661192100432         -12.313393785558482
87.54313111792955         -12.315661041712714
87.57336038597155         -12.315864707639154
87.70551159302995         -12.316755059928798
88.33786372088458         -12.321015453590205
88.34739303313823         -12.321079656144025
88.85569021018104         -12.324504245033285
89.14661474620327         -12.326464312841395
89.46911552076487         -12.328637121621815
89.49569237846625         -12.328816179888724
90.13802003439056         -12.333143782427376
90.55623542260997         -12.335961456489931
90.60036732064515         -12.336258789653481
90.64399172379424         -12.33655270363348
91.15137462006973         -12.339463545739767
91.17128171673124         -12.339577752220912
91.39622012762483         -12.341122476274874
91.54942160681698         -12.342484911728068
91.75972873095527         -12.344297462508056
92.10968519737513         -12.347313593648504
92.57359734332627         -12.351311862016424
92.57880805306513         -12.351356770984868
92.75169897937128         -12.352846846913646
93.01787859111757         -12.35514093973083
93.0260020365931          -12.355210952373024
93.3898854529871          -12.358674710079967
93.81887529397511         -12.362758207158894
93.93393319178048         -12.363853427942017
94.25763893078981         -12.366934739696704
94.63004707653117         -12.37047964316529
94.914796483822           -12.373190134794218
94.9849984718491          -12.37383107357104
95.04949592932883         -12.374419930420634
95.23415367620504         -12.376105841514303
95.53160988461042         -12.378821593927174
95.83346576223668         -12.381577514983245
96.05636480424404         -12.383612566174163
96.07822129737181         -12.383812114283337
96.09830175770892         -12.383995447349081
96.31940942344062         -12.386014143411717
97.15636004290143         -12.395651911820021
97.30141386305792         -12.397049202553813
97.35265316682579         -12.397542786275244
97.4336274034173          -12.398322803997928
97.50401253311352         -12.399000817782163
97.61927190462622         -12.400111101204029
97.70607363683679         -12.400947254681164
98.11434964716511         -12.404880141698197
98.19577667237441         -12.40566452109395
98.26645212066185         -12.406345331491721
98.3039381285035          -12.406706430919144
98.72736524793159         -12.410785267241923
98.824470250781           -12.411998602685895
99.31316468685358         -12.418104882106704
99.69415798221894         -12.422865426420776
99.91744851457669         -12.425655461014909
100.31625589291659        -12.430638593842843
100.62495024351044        -12.434495756562967
101.24751026293313        -12.440519984656543
101.49647588968969        -12.442929110967658
101.62521628609566        -12.444752334790522
102.01355287098782        -12.450251964530917
102.01464667874802        -12.450267455056206
102.380548989427          -12.455449370199336
102.62502822667183        -12.458911689579907
103.18094697809755        -12.466784620994382
103.24569208573327        -12.467701542379979
103.33069173313892        -12.46890530892421
103.75358056365398        -12.47489426819217
104.14021259832768        -12.480369758061546
104.42771770837705        -12.48466036597316
104.59217260790182        -12.487114623196218
104.70559906781088        -12.48880735299218
105.05427171708517        -12.4940108000797
105.20257914786512        -12.496224079126264
105.43058774942516        -12.499626785636757
105.45638536924251        -12.500011778695384
105.47696740418651        -12.500318936512341
105.50129129309141        -12.500688056130187
105.93049161876787        -12.507201252305837
106.04573694723224        -12.508950121977435
106.1299956746199         -12.510228764112949
106.27635284264335        -12.512449761838315
106.53069550237           -12.516309459838393
106.67987583209676        -12.51857329957694
106.74374290083072        -12.519542494432914
106.78302394505327        -12.5201385917136
106.91921139252531        -12.522205262004796
107.01317706854775        -12.523290347172207
107.11047619173421        -12.52441392590692
107.23530882742466        -12.526463206704427
107.4109289857962         -12.52934622696764
107.72235290428284        -12.5343249136587
107.84501165043918        -12.536285840327398
108.21352072478562        -12.542177138699405
108.48122215173318        -12.546456840586139
108.57025672764905        -12.547880222773065
108.62906714009647        -12.549130697772558
108.8647697219163         -12.554142398483634
109.22955769946844        -12.561898818257974
109.48291128758915        -12.567285829074466
109.51853108160827        -12.568043206213213
109.59743082250695        -12.569720836914207
109.80202405851985        -12.574071065318535
109.80933784675413        -12.574226577054603
109.81257087645014        -12.574295320371291
109.89451962065615        -12.576037781469669
110.54320270875495        -12.58983061084295
110.75390597159198        -12.594310755625548
110.97017749211332        -12.59890929724869
111.21878251366323        -12.60419534016625
111.56787433590159        -12.611618015472695
111.67872644791123        -12.61428936747156
111.77759956042696        -12.616405944940688
111.96681851914566        -12.620456556624346
112.24071687864739        -12.625741893197732
112.39344846107781        -12.628689109895195
112.59660824993736        -12.632609424950228
113.00454247778596        -12.64048121249183
113.02812527750038        -12.640936282883855
113.09960380239062        -12.642539289104283
113.68793453342909        -12.655733431302536
114.02309432644229        -12.663249859962226
114.0661237556519         -12.664379875651992
114.08627862204443        -12.664909171895681
114.42032333527575        -12.67368167420325
114.71304586504571        -12.681368995589192
114.90613223676388        -12.686439725866805
114.96634444100451        -12.688020986338
115.09358482851245        -12.691362504849796
115.4081602025179         -12.69962371385883
115.71978141966663        -12.707807342391911
115.88078259404699        -12.712661804885954
116.11891648924654        -12.719841951659753
116.41224400688105        -12.728686281139376
116.56104525451858        -12.733172894845783
116.86819864185712        -12.742434098091618
117.26393169511087        -12.758176386612625
117.44432873735512        -12.765352593563236
117.53889591072615        -12.769114482330377
117.72990984613396        -12.776713030033168
118.02650222010212        -12.788511495402041
118.19687455285946        -12.795288918708508
118.45146301945852        -12.805416465706077
118.60303818870902        -12.810249675169391
118.71634279262507        -12.813862568274455
118.77725522375066        -12.815804855655728
118.99262211857707        -12.822672163271523
119.18902722043802        -12.82801622781086
119.38378598159692        -12.833315496411176
119.70405814579453        -12.842029909119407
119.78302647175529        -12.844178589711198
120.03593918411124        -12.851060192301173
120.0559476879999         -12.851604611642134
120.2917844491596         -12.859268476522587
120.65024004142929        -12.87091702194569
120.71082711964365        -12.872885888795174
120.81449047862073        -12.876254583193584
120.82603273295209        -12.876629665844721
120.83821029040703        -12.877025393611886
120.89982369689011        -12.879027612518685
120.94169107361789        -12.880388154940334
120.95288165808526        -12.88075180955834
121.29105489600671        -12.894733515929687
121.64653105583818        -12.909430608222756
121.87136808026116        -12.918726451016873
121.95799309808906        -12.922307945434138
122.0471603805809         -12.925994549286637
122.16527854803161        -12.930878121814633
122.34905623806756        -12.93847637446017
122.79538228873685        -12.956929637718652
122.84487366893264        -12.959279498376377
122.89980494953025        -12.961887646596205
122.91037525304509        -12.962389526727076
123.07374232049223        -12.970146227854482
123.14648090188821        -12.973607844396875
123.15143095285633        -12.973843416468643
123.7318555261582         -13.001465721798137
123.8841029841981         -13.008711152066004
124.0344162372313         -13.015864533851225
124.11424806916472        -13.019663716963226
124.5000723592387         -13.038025028379336
124.69446364790394        -13.04727607627753
124.9809837103924         -13.060911516631233
125.07706518547315        -13.065484017457802
125.25395753979247        -13.074617120461525
125.30531269999561        -13.077268631148439
125.55224072622327        -13.090017735578199
125.58720728173884        -13.091823088638474
125.80876269484651        -13.103262183429958
126.18306912811211        -13.122587943568805
126.18707877282692        -13.122794964942505
126.21123961446531        -13.124042409786513
126.22226651587343        -13.124611738103496
126.27017940159793        -13.12795522546454
126.51744701632825        -13.145210210885368
126.71482098213272        -13.158983486071955
126.83783930991473        -13.16522470625701
127.23676954931798        -13.185464060079186
127.31573027102617        -13.189470058689613
127.48819776117662        -13.198220036032012
127.63005468173174        -13.205417014660494
128.00702128217011        -13.224542063733804
128.1630103228079         -13.23245602230103
128.26412329487695        -13.240629183448627
128.39705654395175        -13.25137444040556
128.52492262430385        -13.26171010811112
128.6427984992926         -13.268197040454272
128.64510592457327        -13.268324022431576
128.9028262665968         -13.28250686028809
129.02081625927644        -13.289000072743601
129.36288519403942        -13.307824773189857
129.46843549801955        -13.313633406048652
129.57511450680994        -13.31950415366791
129.63917608140173        -13.323029583279467
129.72261106692926        -13.327621168336384
129.75954605696666        -13.329653770694506
129.78212219117788        -13.330852532578193
130.02499802162686        -13.343748907364384
130.02509551510528        -13.343754084134895
130.18434447762377        -13.35220998648283
130.441804357667          -13.365880754378129
130.44214655899904        -13.365898924801352
130.4808973164389         -13.36795653708113
130.4809840284992         -13.367961141373065
130.67953495791897        -13.378503924470152
130.8072642406609         -13.385286174883333
131.1021709268202         -13.400945317024561
131.20224857591114        -13.406259303467808
131.24951954567064        -13.408769327381666
131.56115052709754        -13.425316506753283
131.78936540776795        -13.438603073302726
131.82866872591987        -13.442334380703603
131.9495411045865         -13.4538095441831
132.11544233395017        -13.469559575326691
132.47669738364016        -13.503855754476296
132.72311699034935        -13.527249893838281
132.7549419427736         -13.53027123366649
132.77388917889837        -13.532070012133616
133.17734442066725        -13.55986799881778
133.37862506081404        -13.573882569251081
133.3898075153937         -13.574661170199537
133.48264774920676        -13.581125358682188
133.5196925376654         -13.583704676775882
133.7136731975836         -13.597210971366092
133.9353662724806         -13.61264679872863
134.08039959602348        -13.622745036326098
134.1                     -13.624109753975295
