   0.0000000e+00   1.9840099e+01
   1.0000000e+01   1.9838740e+01
   2.0000000e+01   1.9823344e+01
   3.0000000e+01   1.9779118e+01
   4.0000000e+01   1.9605239e+01
   5.0000000e+01   1.9436349e+01
   6.0000000e+01   1.9528716e+01
   7.0000000e+01   1.9728402e+01
   8.0000000e+01   1.9810514e+01
   9.0000000e+01   1.9797231e+01
   1.0000000e+02   1.9517548e+01
   1.1000000e+02   1.9319534e+01
   1.2000000e+02   1.9329344e+01
   1.3000000e+02   1.9301424e+01
   1.4000000e+02   1.8992053e+01
   1.5000000e+02   1.8346992e+01
   1.6000000e+02   1.7604306e+01
   1.7000000e+02   1.7040650e+01
   1.8000000e+02   1.6666942e+01
   1.9000000e+02   1.6480254e+01
   2.0000000e+02   1.6417977e+01
   2.1000000e+02   1.6438937e+01
   2.2000000e+02   1.6516596e+01
   2.3000000e+02   1.6629091e+01
   2.4000000e+02   1.6758782e+01
   2.5000000e+02   1.6882445e+01
   2.6000000e+02   1.6972481e+01
   2.7000000e+02   1.6993293e+01
   2.8000000e+02   1.6951517e+01
   2.9000000e+02   1.6827098e+01
   3.0000000e+02   1.6652767e+01
   3.1000000e+02   1.6451302e+01
   3.2000000e+02   1.6273221e+01
   3.3000000e+02   1.6110981e+01
   3.4000000e+02   1.5993226e+01
   3.5000000e+02   1.5911208e+01
   3.6000000e+02   1.5851504e+01
   3.7000000e+02   1.5791500e+01
   3.8000000e+02   1.5744764e+01
   3.9000000e+02   1.5728632e+01
   4.0000000e+02   1.5702249e+01
   4.1000000e+02   1.5683555e+01
   4.2000000e+02   1.5665012e+01
   4.3000000e+02   1.5637574e+01
   4.4000000e+02   1.5633353e+01
   4.5000000e+02   1.5615112e+01
   4.6000000e+02   1.5601092e+01
   4.7000000e+02   1.5586770e+01
   4.8000000e+02   1.5574710e+01
   4.9000000e+02   1.5566720e+01
   5.0000000e+02   1.5562047e+01
   5.1000000e+02   1.5553001e+01
   5.2000000e+02   1.5544710e+01
   5.3000000e+02   1.5532650e+01
   5.4000000e+02   1.5522097e+01
   5.5000000e+02   1.5515464e+01
   5.6000000e+02   1.5500239e+01
   5.7000000e+02   1.5492400e+01
   5.8000000e+02   1.5477928e+01
   5.9000000e+02   1.5467375e+01
   6.0000000e+02   1.5458783e+01
   6.1000000e+02   1.5450039e+01
   6.2000000e+02   1.5446572e+01
   6.3000000e+02   1.5447175e+01
   6.4000000e+02   1.5439336e+01
   6.5000000e+02   1.5438582e+01
   6.6000000e+02   1.5435718e+01
   6.7000000e+02   1.5435266e+01
   6.8000000e+02   1.5432553e+01
   6.9000000e+02   1.5421548e+01
   7.0000000e+02   1.5421096e+01
   7.1000000e+02   1.5417176e+01
   7.2000000e+02   1.5411750e+01
   7.3000000e+02   1.5405870e+01
   7.4000000e+02   1.5407981e+01
   7.5000000e+02   1.5399238e+01
   7.6000000e+02   1.5397429e+01
   7.7000000e+02   1.5390796e+01
   7.8000000e+02   1.5388083e+01
   7.9000000e+02   1.5384465e+01
   8.0000000e+02   1.5377983e+01
   8.1000000e+02   1.5380244e+01
   8.2000000e+02   1.5380847e+01
   8.3000000e+02   1.5380244e+01
   8.4000000e+02   1.5380847e+01
   8.5000000e+02   1.5379490e+01
   8.6000000e+02   1.5376174e+01
   8.7000000e+02   1.5370445e+01
   8.8000000e+02   1.5368034e+01
   8.9000000e+02   1.5364265e+01
   9.0000000e+02   1.5357934e+01
   9.1000000e+02   1.5355673e+01
   9.2000000e+02   1.5350849e+01
   9.3000000e+02   1.5349643e+01
   9.4000000e+02   1.5348588e+01
   9.5000000e+02   1.5345874e+01
   9.6000000e+02   1.5342106e+01
   9.7000000e+02   1.5338488e+01
   9.8000000e+02   1.5336528e+01
   9.9000000e+02   1.5336076e+01
   1.0000000e+03   1.5332760e+01
   1.0100000e+03   1.5329745e+01
   1.0200000e+03   1.5324921e+01
   1.0300000e+03   1.5322057e+01
   1.0400000e+03   1.5318590e+01
   1.0500000e+03   1.5316932e+01
   1.0600000e+03   1.5316027e+01
   1.0700000e+03   1.5315575e+01
   1.0800000e+03   1.5314218e+01
   1.0900000e+03   1.5312259e+01
   1.1000000e+03   1.5313314e+01
   1.1100000e+03   1.5311053e+01
   1.1200000e+03   1.5308189e+01
   1.1300000e+03   1.5307134e+01
   1.1400000e+03   1.5303516e+01
   1.1500000e+03   1.5302762e+01
   1.1600000e+03   1.5303064e+01
   1.1700000e+03   1.5300953e+01
   1.1800000e+03   1.5299596e+01
   1.1900000e+03   1.5297034e+01
   1.2000000e+03   1.5295074e+01
   1.2100000e+03   1.5292964e+01
   1.2200000e+03   1.5293718e+01
   1.2300000e+03   1.5292813e+01
   1.2400000e+03   1.5290401e+01
   1.2500000e+03   1.5290401e+01
   1.2600000e+03   1.5292059e+01
   1.2700000e+03   1.5291306e+01
   1.2800000e+03   1.5287688e+01
   1.2900000e+03   1.5287236e+01
   1.3000000e+03   1.5281206e+01
   1.3100000e+03   1.5275930e+01
   1.3200000e+03   1.5271408e+01
   1.3300000e+03   1.5269298e+01
   1.3400000e+03   1.5268695e+01
   1.3500000e+03   1.5268092e+01
   1.3600000e+03   1.5269599e+01
   1.3700000e+03   1.5270654e+01
   1.3800000e+03   1.5270202e+01
   1.3900000e+03   1.5270805e+01
   1.4000000e+03   1.5272162e+01
   1.4100000e+03   1.5270353e+01
   1.4200000e+03   1.5269599e+01
   1.4300000e+03   1.5269147e+01
   1.4400000e+03   1.5268846e+01
   1.4500000e+03   1.5268544e+01
   1.4600000e+03   1.5268996e+01
   1.4700000e+03   1.5268544e+01
   1.4800000e+03   1.5270956e+01
   1.4900000e+03   1.5275026e+01
   1.5000000e+03   1.5273820e+01
   1.5100000e+03   1.5270805e+01
   1.5200000e+03   1.5269298e+01
   1.5300000e+03   1.5267037e+01
   1.5400000e+03   1.5264625e+01
   1.5500000e+03   1.5262967e+01
   1.5600000e+03   1.5260404e+01
   1.5700000e+03   1.5262816e+01
   1.5800000e+03   1.5261911e+01
   1.5900000e+03   1.5263419e+01
   1.6000000e+03   1.5264022e+01
   1.6100000e+03   1.5268092e+01
   1.6200000e+03   1.5267640e+01
   1.6300000e+03   1.5265529e+01
   1.6400000e+03   1.5265378e+01
   1.6500000e+03   1.5264625e+01
   1.6600000e+03   1.5266584e+01
   1.6700000e+03   1.5265831e+01
   1.6800000e+03   1.5266132e+01
   1.6900000e+03   1.5266886e+01
   1.7000000e+03   1.5266735e+01
   1.7100000e+03   1.5268243e+01
   1.7200000e+03   1.5267790e+01
   1.7300000e+03   1.5266283e+01
   1.7400000e+03   1.5262213e+01
   1.7500000e+03   1.5262967e+01
   1.7600000e+03   1.5260706e+01
   1.7700000e+03   1.5257389e+01
   1.7800000e+03   1.5250455e+01
   1.7900000e+03   1.5246988e+01
   1.8000000e+03   1.5247139e+01
   1.8100000e+03   1.5246838e+01
   1.8200000e+03   1.5246687e+01
   1.8300000e+03   1.5248194e+01
   1.8400000e+03   1.5247591e+01
   1.8500000e+03   1.5248345e+01
   1.8600000e+03   1.5248496e+01
   1.8700000e+03   1.5243220e+01
   1.8800000e+03   1.5246084e+01
   1.8900000e+03   1.5245330e+01
   1.9000000e+03   1.5246988e+01
   1.9100000e+03   1.5248646e+01
   1.9200000e+03   1.5250908e+01
   1.9300000e+03   1.5254224e+01
   1.9400000e+03   1.5257540e+01
   1.9500000e+03   1.5262967e+01
   1.9600000e+03   1.5263419e+01
   1.9700000e+03   1.5264926e+01
   1.9800000e+03   1.5264625e+01
   1.9900000e+03   1.5266132e+01
   2.0000000e+03   1.5264474e+01
   2.0100000e+03   1.5264926e+01
   2.0200000e+03   1.5265228e+01
   2.0300000e+03   1.5264022e+01
   2.0400000e+03   1.5264625e+01
   2.0500000e+03   1.5262062e+01
   2.0600000e+03   1.5261158e+01
   2.0700000e+03   1.5259198e+01
   2.0800000e+03   1.5260555e+01
   2.0900000e+03   1.5260253e+01
   2.1000000e+03   1.5264323e+01
   2.1100000e+03   1.5263871e+01
   2.1200000e+03   1.5264323e+01
   2.1300000e+03   1.5263570e+01
   2.1400000e+03   1.5264625e+01
   2.1500000e+03   1.5265228e+01
   2.1600000e+03   1.5267640e+01
   2.1700000e+03   1.5264776e+01
   2.1800000e+03   1.5263720e+01
   2.1900000e+03   1.5264625e+01
   2.2000000e+03   1.5262364e+01
   2.2100000e+03   1.5259500e+01
   2.2200000e+03   1.5256786e+01
   2.2300000e+03   1.5257992e+01
   2.2400000e+03   1.5258143e+01
   2.2500000e+03   1.5256485e+01
   2.2600000e+03   1.5259952e+01
   2.2700000e+03   1.5260103e+01
   2.2800000e+03   1.5261309e+01
   2.2900000e+03   1.5261911e+01
   2.3000000e+03   1.5259952e+01
   2.3100000e+03   1.5260555e+01
   2.3200000e+03   1.5259047e+01
   2.3300000e+03   1.5260253e+01
   2.3400000e+03   1.5263871e+01
   2.3500000e+03   1.5261911e+01
   2.3600000e+03   1.5261459e+01
   2.3700000e+03   1.5261761e+01
   2.3800000e+03   1.5259952e+01
   2.3900000e+03   1.5257088e+01
   2.4000000e+03   1.5256183e+01
   2.4100000e+03   1.5260856e+01
   2.4200000e+03   1.5262816e+01
   2.4300000e+03   1.5260555e+01
   2.4400000e+03   1.5260103e+01
   2.4500000e+03   1.5259500e+01
   2.4600000e+03   1.5260404e+01
   2.4700000e+03   1.5259500e+01
   2.4800000e+03   1.5257389e+01
   2.4900000e+03   1.5256033e+01
   2.5000000e+03   1.5258595e+01
   2.5100000e+03   1.5262213e+01
   2.5200000e+03   1.5266886e+01
   2.5300000e+03   1.5265981e+01
   2.5400000e+03   1.5267941e+01
   2.5500000e+03   1.5268393e+01
   2.5600000e+03   1.5266584e+01
   2.5700000e+03   1.5261761e+01
   2.5800000e+03   1.5259349e+01
   2.5900000e+03   1.5259500e+01
   2.6000000e+03   1.5257088e+01
   2.6100000e+03   1.5255430e+01
   2.6200000e+03   1.5253319e+01
   2.6300000e+03   1.5254073e+01
   2.6400000e+03   1.5253621e+01
   2.6500000e+03   1.5252415e+01
   2.6600000e+03   1.5251058e+01
   2.6700000e+03   1.5252113e+01
   2.6800000e+03   1.5249702e+01
   2.6900000e+03   1.5246687e+01
   2.7000000e+03   1.5245481e+01
   2.7100000e+03   1.5244124e+01
   2.7200000e+03   1.5244124e+01
   2.7300000e+03   1.5245330e+01
   2.7400000e+03   1.5246235e+01
   2.7500000e+03   1.5248797e+01
   2.7600000e+03   1.5251812e+01
   2.7700000e+03   1.5253319e+01
   2.7800000e+03   1.5257540e+01
   2.7900000e+03   1.5259801e+01
   2.8000000e+03   1.5261610e+01
   2.8100000e+03   1.5259650e+01
   2.8200000e+03   1.5259650e+01
   2.8300000e+03   1.5261911e+01
   2.8400000e+03   1.5265529e+01
   2.8500000e+03   1.5267489e+01
   2.8600000e+03   1.5266283e+01
   2.8700000e+03   1.5267640e+01
   2.8800000e+03   1.5264022e+01
   2.8900000e+03   1.5264022e+01
   2.9000000e+03   1.5262062e+01
   2.9100000e+03   1.5259952e+01
   2.9200000e+03   1.5257691e+01
   2.9300000e+03   1.5259349e+01
   2.9400000e+03   1.5259047e+01
   2.9500000e+03   1.5256786e+01
   2.9600000e+03   1.5258143e+01
   2.9700000e+03   1.5255279e+01
   2.9800000e+03   1.5250455e+01
   2.9900000e+03   1.5250606e+01
   3.0000000e+03   1.5253018e+01
   3.0100000e+03   1.5252566e+01
   3.0200000e+03   1.5248345e+01
   3.0300000e+03   1.5250154e+01
   3.0400000e+03   1.5249551e+01
   3.0500000e+03   1.5246838e+01
   3.0600000e+03   1.5245933e+01
   3.0700000e+03   1.5247441e+01
   3.0800000e+03   1.5247441e+01
   3.0900000e+03   1.5246988e+01
   3.1000000e+03   1.5250154e+01
   3.1100000e+03   1.5250757e+01
   3.1200000e+03   1.5253621e+01
   3.1300000e+03   1.5252716e+01
   3.1400000e+03   1.5251511e+01
   3.1500000e+03   1.5250757e+01
   3.1600000e+03   1.5248044e+01
   3.1700000e+03   1.5249551e+01
   3.1800000e+03   1.5248194e+01
   3.1900000e+03   1.5247290e+01
   3.2000000e+03   1.5245481e+01
   3.2100000e+03   1.5244124e+01
   3.2200000e+03   1.5243521e+01
   3.2300000e+03   1.5244577e+01
   3.2400000e+03   1.5245029e+01
   3.2500000e+03   1.5243672e+01
   3.2600000e+03   1.5243974e+01
   3.2700000e+03   1.5244727e+01
   3.2800000e+03   1.5243521e+01
   3.2900000e+03   1.5242918e+01
   3.3000000e+03   1.5239904e+01
   3.3100000e+03   1.5238547e+01
   3.3200000e+03   1.5240959e+01
   3.3300000e+03   1.5240205e+01
   3.3400000e+03   1.5240356e+01
   3.3500000e+03   1.5237944e+01
   3.3600000e+03   1.5237341e+01
   3.3700000e+03   1.5236587e+01
   3.3800000e+03   1.5234929e+01
   3.3900000e+03   1.5235080e+01
   3.4000000e+03   1.5238095e+01
   3.4100000e+03   1.5236286e+01
   3.4200000e+03   1.5236738e+01
   3.4300000e+03   1.5234779e+01
   3.4400000e+03   1.5234929e+01
   3.4500000e+03   1.5234628e+01
   3.4600000e+03   1.5234779e+01
   3.4700000e+03   1.5235231e+01
   3.4800000e+03   1.5237492e+01
   3.4900000e+03   1.5235683e+01
   3.5000000e+03   1.5235231e+01
   3.5100000e+03   1.5233723e+01
   3.5200000e+03   1.5233120e+01
   3.5300000e+03   1.5232367e+01
   3.5400000e+03   1.5230558e+01
   3.5500000e+03   1.5229503e+01
   3.5600000e+03   1.5226639e+01
   3.5700000e+03   1.5226036e+01
   3.5800000e+03   1.5225433e+01
   3.5900000e+03   1.5224981e+01
   3.6000000e+03   1.5225584e+01
   3.6100000e+03   1.5225282e+01
   3.6200000e+03   1.5224679e+01
   3.6300000e+03   1.5223473e+01
   3.6400000e+03   1.5221514e+01
   3.6500000e+03   1.5220609e+01
   3.6600000e+03   1.5220760e+01
   3.6700000e+03   1.5219856e+01
