   0.0000000e+00   1.9960934e+01
   1.0000000e+01   1.9960330e+01
   2.0000000e+01   1.9898730e+01
   3.0000000e+01   1.9922735e+01
   4.0000000e+01   1.9722994e+01
   5.0000000e+01   1.9543494e+01
   6.0000000e+01   1.9563421e+01
   7.0000000e+01   1.9788668e+01
   8.0000000e+01   1.9908845e+01
   9.0000000e+01   1.9934361e+01
   1.0000000e+02   1.9700651e+01
   1.1000000e+02   1.9415781e+01
   1.2000000e+02   1.9393742e+01
   1.3000000e+02   1.9402044e+01
   1.4000000e+02   1.9164597e+01
   1.5000000e+02   1.8524192e+01
   1.6000000e+02   1.7709938e+01
   1.7000000e+02   1.7053215e+01
   1.8000000e+02   1.6633873e+01
   1.9000000e+02   1.6403256e+01
   2.0000000e+02   1.6316384e+01
   2.1000000e+02   1.6324829e+01
   2.2000000e+02   1.6400994e+01
   2.3000000e+02   1.6534023e+01
   2.4000000e+02   1.6692095e+01
   2.5000000e+02   1.6839314e+01
   2.6000000e+02   1.6947771e+01
   2.7000000e+02   1.7000870e+01
   2.8000000e+02   1.6970851e+01
   2.9000000e+02   1.6861940e+01
   3.0000000e+02   1.6678369e+01
   3.1000000e+02   1.6472937e+01
   3.2000000e+02   1.6267217e+01
   3.3000000e+02   1.6086995e+01
   3.4000000e+02   1.5954437e+01
   3.5000000e+02   1.5858075e+01
   3.6000000e+02   1.5795947e+01
   3.7000000e+02   1.5750859e+01
   3.8000000e+02   1.5718439e+01
   3.9000000e+02   1.5690391e+01
   4.0000000e+02   1.5669582e+01
   4.1000000e+02   1.5654202e+01
   4.2000000e+02   1.5642289e+01
   4.3000000e+02   1.5629623e+01
   4.4000000e+02   1.5609116e+01
   4.5000000e+02   1.5595394e+01
   4.6000000e+02   1.5584839e+01
   4.7000000e+02   1.5579260e+01
   4.8000000e+02   1.5571721e+01
   4.9000000e+02   1.5568253e+01
   5.0000000e+02   1.5564634e+01
   5.1000000e+02   1.5558150e+01
   5.2000000e+02   1.5554230e+01
   5.3000000e+02   1.5545937e+01
   5.4000000e+02   1.5537794e+01
   5.5000000e+02   1.5526787e+01
   5.6000000e+02   1.5517137e+01
   5.7000000e+02   1.5509447e+01
   5.8000000e+02   1.5501003e+01
   5.9000000e+02   1.5493765e+01
   6.0000000e+02   1.5488790e+01
   6.1000000e+02   1.5484266e+01
   6.2000000e+02   1.5484869e+01
   6.3000000e+02   1.5481703e+01
   6.4000000e+02   1.5479894e+01
   6.5000000e+02   1.5478838e+01
   6.6000000e+02   1.5477179e+01
   6.7000000e+02   1.5474918e+01
   6.8000000e+02   1.5472204e+01
   6.9000000e+02   1.5468283e+01
   7.0000000e+02   1.5466474e+01
   7.1000000e+02   1.5463308e+01
   7.2000000e+02   1.5460895e+01
   7.3000000e+02   1.5457578e+01
   7.4000000e+02   1.5455769e+01
   7.5000000e+02   1.5452904e+01
   7.6000000e+02   1.5449737e+01
   7.7000000e+02   1.5446119e+01
   7.8000000e+02   1.5442500e+01
   7.9000000e+02   1.5440841e+01
   8.0000000e+02   1.5439484e+01
   8.1000000e+02   1.5438429e+01
   8.2000000e+02   1.5441294e+01
   8.3000000e+02   1.5440691e+01
   8.4000000e+02   1.5442198e+01
   8.5000000e+02   1.5443706e+01
   8.6000000e+02   1.5441444e+01
   8.7000000e+02   1.5436921e+01
   8.8000000e+02   1.5432096e+01
   8.9000000e+02   1.5429080e+01
   9.0000000e+02   1.5424105e+01
   9.1000000e+02   1.5421240e+01
   9.2000000e+02   1.5418375e+01
   9.3000000e+02   1.5417018e+01
   9.4000000e+02   1.5413701e+01
   9.5000000e+02   1.5412646e+01
   9.6000000e+02   1.5410082e+01
   9.7000000e+02   1.5408273e+01
   9.8000000e+02   1.5407067e+01
   9.9000000e+02   1.5402242e+01
   1.0000000e+03   1.5398774e+01
   1.0100000e+03   1.5395758e+01
   1.0200000e+03   1.5394854e+01
   1.0300000e+03   1.5391838e+01
   1.0400000e+03   1.5390029e+01
   1.0500000e+03   1.5388823e+01
   1.0600000e+03   1.5386109e+01
   1.0700000e+03   1.5386410e+01
   1.0800000e+03   1.5385958e+01
   1.0900000e+03   1.5384601e+01
   1.1000000e+03   1.5382188e+01
   1.1100000e+03   1.5383244e+01
   1.1200000e+03   1.5383696e+01
   1.1300000e+03   1.5381284e+01
   1.1400000e+03   1.5378871e+01
   1.1500000e+03   1.5375705e+01
   1.1600000e+03   1.5373896e+01
   1.1700000e+03   1.5372388e+01
   1.1800000e+03   1.5370880e+01
   1.1900000e+03   1.5369372e+01
   1.2000000e+03   1.5369222e+01
   1.2100000e+03   1.5370126e+01
   1.2200000e+03   1.5368769e+01
   1.2300000e+03   1.5367261e+01
   1.2400000e+03   1.5365754e+01
   1.2500000e+03   1.5368015e+01
   1.2600000e+03   1.5368317e+01
   1.2700000e+03   1.5368166e+01
   1.2800000e+03   1.5367261e+01
   1.2900000e+03   1.5363794e+01
   1.3000000e+03   1.5358215e+01
   1.3100000e+03   1.5353842e+01
   1.3200000e+03   1.5350224e+01
   1.3300000e+03   1.5348867e+01
   1.3400000e+03   1.5345700e+01
   1.3500000e+03   1.5346907e+01
   1.3600000e+03   1.5347510e+01
   1.3700000e+03   1.5346605e+01
   1.3800000e+03   1.5346605e+01
   1.3900000e+03   1.5347359e+01
   1.4000000e+03   1.5345700e+01
   1.4100000e+03   1.5345700e+01
   1.4200000e+03   1.5344796e+01
   1.4300000e+03   1.5344193e+01
   1.4400000e+03   1.5342836e+01
   1.4500000e+03   1.5344494e+01
   1.4600000e+03   1.5345399e+01
   1.4700000e+03   1.5346002e+01
   1.4800000e+03   1.5346605e+01
   1.4900000e+03   1.5348716e+01
   1.5000000e+03   1.5349319e+01
   1.5100000e+03   1.5345550e+01
   1.5200000e+03   1.5343740e+01
   1.5300000e+03   1.5340725e+01
   1.5400000e+03   1.5339820e+01
   1.5500000e+03   1.5338312e+01
   1.5600000e+03   1.5337408e+01
   1.5700000e+03   1.5339519e+01
   1.5800000e+03   1.5338011e+01
   1.5900000e+03   1.5339217e+01
   1.6000000e+03   1.5339368e+01
   1.6100000e+03   1.5339217e+01
   1.6200000e+03   1.5339066e+01
   1.6300000e+03   1.5340273e+01
   1.6400000e+03   1.5338614e+01
   1.6500000e+03   1.5337860e+01
   1.6600000e+03   1.5339820e+01
   1.6700000e+03   1.5342082e+01
   1.6800000e+03   1.5342233e+01
   1.6900000e+03   1.5341780e+01
   1.7000000e+03   1.5340876e+01
   1.7100000e+03   1.5341931e+01
   1.7200000e+03   1.5342082e+01
   1.7300000e+03   1.5342685e+01
   1.7400000e+03   1.5341177e+01
   1.7500000e+03   1.5340725e+01
   1.7600000e+03   1.5337709e+01
   1.7700000e+03   1.5334242e+01
   1.7800000e+03   1.5329869e+01
   1.7900000e+03   1.5325195e+01
   1.8000000e+03   1.5322783e+01
   1.8100000e+03   1.5322029e+01
   1.8200000e+03   1.5319164e+01
   1.8300000e+03   1.5321124e+01
   1.8400000e+03   1.5320823e+01
   1.8500000e+03   1.5322481e+01
   1.8600000e+03   1.5321727e+01
   1.8700000e+03   1.5322029e+01
   1.8800000e+03   1.5322029e+01
   1.8900000e+03   1.5319616e+01
   1.9000000e+03   1.5320672e+01
   1.9100000e+03   1.5321727e+01
   1.9200000e+03   1.5322783e+01
   1.9300000e+03   1.5327155e+01
   1.9400000e+03   1.5331678e+01
   1.9500000e+03   1.5334392e+01
   1.9600000e+03   1.5336503e+01
   1.9700000e+03   1.5338162e+01
   1.9800000e+03   1.5339217e+01
   1.9900000e+03   1.5339820e+01
   2.0000000e+03   1.5338765e+01
   2.0100000e+03   1.5339971e+01
   2.0200000e+03   1.5336805e+01
   2.0300000e+03   1.5335900e+01
   2.0400000e+03   1.5335900e+01
   2.0500000e+03   1.5335146e+01
   2.0600000e+03   1.5335749e+01
   2.0700000e+03   1.5335598e+01
   2.0800000e+03   1.5335297e+01
   2.0900000e+03   1.5338011e+01
   2.1000000e+03   1.5337559e+01
   2.1100000e+03   1.5336805e+01
   2.1200000e+03   1.5337257e+01
   2.1300000e+03   1.5339217e+01
   2.1400000e+03   1.5339217e+01
   2.1500000e+03   1.5339368e+01
   2.1600000e+03   1.5338765e+01
   2.1700000e+03   1.5339669e+01
   2.1800000e+03   1.5339217e+01
   2.1900000e+03   1.5339519e+01
   2.2000000e+03   1.5337408e+01
   2.2100000e+03   1.5335749e+01
   2.2200000e+03   1.5335749e+01
   2.2300000e+03   1.5333337e+01
   2.2400000e+03   1.5333940e+01
   2.2500000e+03   1.5333638e+01
   2.2600000e+03   1.5334995e+01
   2.2700000e+03   1.5334845e+01
   2.2800000e+03   1.5337408e+01
   2.2900000e+03   1.5337106e+01
   2.3000000e+03   1.5337559e+01
   2.3100000e+03   1.5338916e+01
   2.3200000e+03   1.5339066e+01
   2.3300000e+03   1.5339669e+01
   2.3400000e+03   1.5339519e+01
   2.3500000e+03   1.5341479e+01
   2.3600000e+03   1.5339519e+01
   2.3700000e+03   1.5337860e+01
   2.3800000e+03   1.5337408e+01
   2.3900000e+03   1.5336503e+01
   2.4000000e+03   1.5337559e+01
   2.4100000e+03   1.5338614e+01
   2.4200000e+03   1.5338765e+01
   2.4300000e+03   1.5338916e+01
   2.4400000e+03   1.5338916e+01
   2.4500000e+03   1.5338011e+01
   2.4600000e+03   1.5337559e+01
   2.4700000e+03   1.5340122e+01
   2.4800000e+03   1.5339368e+01
   2.4900000e+03   1.5339217e+01
   2.5000000e+03   1.5341328e+01
   2.5100000e+03   1.5344494e+01
   2.5200000e+03   1.5347359e+01
   2.5300000e+03   1.5350375e+01
   2.5400000e+03   1.5349922e+01
   2.5500000e+03   1.5350525e+01
   2.5600000e+03   1.5350224e+01
   2.5700000e+03   1.5347208e+01
   2.5800000e+03   1.5341630e+01
   2.5900000e+03   1.5339669e+01
   2.6000000e+03   1.5338614e+01
   2.6100000e+03   1.5336654e+01
   2.6200000e+03   1.5334242e+01
   2.6300000e+03   1.5334995e+01
   2.6400000e+03   1.5334694e+01
   2.6500000e+03   1.5332432e+01
   2.6600000e+03   1.5333035e+01
   2.6700000e+03   1.5331377e+01
   2.6800000e+03   1.5329115e+01
   2.6900000e+03   1.5327306e+01
   2.7000000e+03   1.5324592e+01
   2.7100000e+03   1.5323838e+01
   2.7200000e+03   1.5325044e+01
   2.7300000e+03   1.5324743e+01
   2.7400000e+03   1.5326250e+01
   2.7500000e+03   1.5328814e+01
   2.7600000e+03   1.5331377e+01
   2.7700000e+03   1.5332432e+01
   2.7800000e+03   1.5334845e+01
   2.7900000e+03   1.5335448e+01
   2.8000000e+03   1.5338011e+01
   2.8100000e+03   1.5337860e+01
   2.8200000e+03   1.5340273e+01
   2.8300000e+03   1.5342534e+01
   2.8400000e+03   1.5345550e+01
   2.8500000e+03   1.5348565e+01
   2.8600000e+03   1.5347661e+01
   2.8700000e+03   1.5347208e+01
   2.8800000e+03   1.5348716e+01
   2.8900000e+03   1.5345399e+01
   2.9000000e+03   1.5346304e+01
   2.9100000e+03   1.5344343e+01
   2.9200000e+03   1.5339971e+01
   2.9300000e+03   1.5339820e+01
   2.9400000e+03   1.5339669e+01
   2.9500000e+03   1.5336955e+01
   2.9600000e+03   1.5337106e+01
   2.9700000e+03   1.5334392e+01
   2.9800000e+03   1.5331678e+01
   2.9900000e+03   1.5329266e+01
   3.0000000e+03   1.5330623e+01
   3.0100000e+03   1.5331377e+01
   3.0200000e+03   1.5329417e+01
   3.0300000e+03   1.5328663e+01
   3.0400000e+03   1.5327909e+01
   3.0500000e+03   1.5327758e+01
   3.0600000e+03   1.5327607e+01
   3.0700000e+03   1.5329115e+01
   3.0800000e+03   1.5328211e+01
   3.0900000e+03   1.5328663e+01
   3.1000000e+03   1.5329266e+01
   3.1100000e+03   1.5332432e+01
   3.1200000e+03   1.5336051e+01
   3.1300000e+03   1.5335900e+01
   3.1400000e+03   1.5333488e+01
   3.1500000e+03   1.5332432e+01
   3.1600000e+03   1.5332432e+01
   3.1700000e+03   1.5329718e+01
   3.1800000e+03   1.5328060e+01
   3.1900000e+03   1.5328211e+01
   3.2000000e+03   1.5327909e+01
   3.2100000e+03   1.5323989e+01
   3.2200000e+03   1.5324290e+01
   3.2300000e+03   1.5323989e+01
   3.2400000e+03   1.5325497e+01
   3.2500000e+03   1.5324743e+01
   3.2600000e+03   1.5323989e+01
   3.2700000e+03   1.5320672e+01
   3.2800000e+03   1.5319918e+01
   3.2900000e+03   1.5320521e+01
   3.3000000e+03   1.5318410e+01
   3.3100000e+03   1.5319013e+01
   3.3200000e+03   1.5320370e+01
   3.3300000e+03   1.5321124e+01
   3.3400000e+03   1.5322029e+01
   3.3500000e+03   1.5322029e+01
   3.3600000e+03   1.5318109e+01
   3.3700000e+03   1.5316299e+01
   3.3800000e+03   1.5315696e+01
   3.3900000e+03   1.5313133e+01
   3.4000000e+03   1.5313133e+01
   3.4100000e+03   1.5312681e+01
   3.4200000e+03   1.5308761e+01
   3.4300000e+03   1.5308007e+01
   3.4400000e+03   1.5309062e+01
   3.4500000e+03   1.5308911e+01
   3.4600000e+03   1.5308911e+01
   3.4700000e+03   1.5309062e+01
   3.4800000e+03   1.5309967e+01
   3.4900000e+03   1.5308459e+01
   3.5000000e+03   1.5306951e+01
   3.5100000e+03   1.5305594e+01
   3.5200000e+03   1.5305293e+01
   3.5300000e+03   1.5305594e+01
   3.5400000e+03   1.5304237e+01
   3.5500000e+03   1.5303785e+01
   3.5600000e+03   1.5302127e+01
   3.5700000e+03   1.5299563e+01
   3.5800000e+03   1.5299111e+01
   3.5900000e+03   1.5300016e+01
   3.6000000e+03   1.5299714e+01
   3.6100000e+03   1.5298659e+01
   3.6200000e+03   1.5298508e+01
   3.6300000e+03   1.5296699e+01
   3.6400000e+03   1.5296548e+01
   3.6500000e+03   1.5295643e+01
   3.6600000e+03   1.5295191e+01
   3.6700000e+03   1.5297000e+01
