   3.0000000e-04  -3.0000000e+01  -5.1584000e-01
   3.0000000e-04  -2.7000000e+01  -2.1067000e-01
   3.0000000e-04  -2.4000000e+01   5.1365000e-02
   3.0000000e-04  -2.1000000e+01   2.6964000e-01
   3.0000000e-04  -1.8000000e+01   4.4367000e-01
   3.0000000e-04  -1.5000000e+01   5.7309000e-01
   3.0000000e-04  -1.2000000e+01   6.5766000e-01
   3.0000000e-04  -9.0000000e+00   6.9726000e-01
   3.0000000e-04  -6.0000000e+00   6.9192000e-01
   3.0000000e-04  -3.0000000e+00   6.4178000e-01
   3.0000000e-04  -2.2204000e-15   5.4712000e-01
   3.0000000e-04   3.0000000e+00   4.0833000e-01
   3.0000000e-04   6.0000000e+00   2.2596000e-01
   3.0000000e-04   9.0000000e+00   6.4395000e-04
   3.0000000e-04   1.2000000e+01  -2.6682000e-01
   3.0000000e-04   1.5000000e+01  -5.7555000e-01
   3.0000000e-04   1.8000000e+01  -9.2450000e-01
   3.0000000e-04   2.1000000e+01  -1.3125000e+00
   3.0000000e-04   2.4000000e+01  -1.7384000e+00
   3.0000000e-04   2.7000000e+01  -2.2007000e+00
   3.0000000e-04   3.0000000e+01  -2.6980000e+00
   2.2850000e-03  -3.0000000e+01   9.5014000e+01
   2.2850000e-03  -2.7000000e+01   9.7627000e+01
   2.2850000e-03  -2.4000000e+01   9.9908000e+01
   2.2850000e-03  -2.1000000e+01   1.0185000e+02
   2.2850000e-03  -1.8000000e+01   1.0345000e+02
   2.2850000e-03  -1.5000000e+01   1.0471000e+02
   2.2850000e-03  -1.2000000e+01   1.0562000e+02
   2.2850000e-03  -9.0000000e+00   1.0619000e+02
   2.2850000e-03  -6.0000000e+00   1.0641000e+02
   2.2850000e-03  -3.0000000e+00   1.0628000e+02
   2.2850000e-03  -2.2204000e-15   1.0581000e+02
   2.2850000e-03   3.0000000e+00   1.0499000e+02
   2.2850000e-03   6.0000000e+00   1.0384000e+02
   2.2850000e-03   9.0000000e+00   1.0235000e+02
   2.2850000e-03   1.2000000e+01   1.0053000e+02
   2.2850000e-03   1.5000000e+01   9.8378000e+01
   2.2850000e-03   1.8000000e+01   9.5908000e+01
   2.2850000e-03   2.1000000e+01   9.3125000e+01
   2.2850000e-03   2.4000000e+01   9.0035000e+01
   2.2850000e-03   2.7000000e+01   8.6646000e+01
   2.2850000e-03   3.0000000e+01   8.2967000e+01
   4.2700000e-03  -3.0000000e+01   1.8362000e+02
   4.2700000e-03  -2.7000000e+01   1.8871000e+02
   4.2700000e-03  -2.4000000e+01   1.9317000e+02
   4.2700000e-03  -2.1000000e+01   1.9701000e+02
   4.2700000e-03  -1.8000000e+01   2.0021000e+02
   4.2700000e-03  -1.5000000e+01   2.0277000e+02
   4.2700000e-03  -1.2000000e+01   2.0469000e+02
   4.2700000e-03  -9.0000000e+00   2.0596000e+02
   4.2700000e-03  -6.0000000e+00   2.0658000e+02
   4.2700000e-03  -3.0000000e+00   2.0656000e+02
   4.2700000e-03  -2.2204000e-15   2.0590000e+02
   4.2700000e-03   3.0000000e+00   2.0459000e+02
   4.2700000e-03   6.0000000e+00   2.0265000e+02
   4.2700000e-03   9.0000000e+00   2.0008000e+02
   4.2700000e-03   1.2000000e+01   1.9689000e+02
   4.2700000e-03   1.5000000e+01   1.9309000e+02
   4.2700000e-03   1.8000000e+01   1.8869000e+02
   4.2700000e-03   2.1000000e+01   1.8369000e+02
   4.2700000e-03   2.4000000e+01   1.7813000e+02
   4.2700000e-03   2.7000000e+01   1.7200000e+02
   4.2700000e-03   3.0000000e+01   1.6532000e+02
   6.2550000e-03  -3.0000000e+01   2.6616000e+02
   6.2550000e-03  -2.7000000e+01   2.7383000e+02
   6.2550000e-03  -2.4000000e+01   2.8060000e+02
   6.2550000e-03  -2.1000000e+01   2.8645000e+02
   6.2550000e-03  -1.8000000e+01   2.9137000e+02
   6.2550000e-03  -1.5000000e+01   2.9536000e+02
   6.2550000e-03  -1.2000000e+01   2.9840000e+02
   6.2550000e-03  -9.0000000e+00   3.0050000e+02
   6.2550000e-03  -6.0000000e+00   3.0166000e+02
   6.2550000e-03  -3.0000000e+00   3.0187000e+02
   6.2550000e-03  -2.2204000e-15   3.0115000e+02
   6.2550000e-03   3.0000000e+00   2.9948000e+02
   6.2550000e-03   6.0000000e+00   2.9688000e+02
   6.2550000e-03   9.0000000e+00   2.9336000e+02
   6.2550000e-03   1.2000000e+01   2.8893000e+02
   6.2550000e-03   1.5000000e+01   2.8360000e+02
   6.2550000e-03   1.8000000e+01   2.7738000e+02
   6.2550000e-03   2.1000000e+01   2.7030000e+02
   6.2550000e-03   2.4000000e+01   2.6236000e+02
   6.2550000e-03   2.7000000e+01   2.5359000e+02
   6.2550000e-03   3.0000000e+01   2.4402000e+02
   8.2400000e-03  -3.0000000e+01   3.4207000e+02
   8.2400000e-03  -2.7000000e+01   3.5272000e+02
   8.2400000e-03  -2.4000000e+01   3.6222000e+02
   8.2400000e-03  -2.1000000e+01   3.7021000e+02
   8.2400000e-03  -1.8000000e+01   3.7698000e+02
   8.2400000e-03  -1.5000000e+01   3.8253000e+02
   8.2400000e-03  -1.2000000e+01   3.8685000e+02
   8.2400000e-03  -9.0000000e+00   3.8993000e+02
   8.2400000e-03  -6.0000000e+00   3.9177000e+02
   8.2400000e-03  -3.0000000e+00   3.9237000e+02
   8.2400000e-03  -2.2204000e-15   3.9174000e+02
   8.2400000e-03   3.0000000e+00   3.8988000e+02
   8.2400000e-03   6.0000000e+00   3.8681000e+02
   8.2400000e-03   9.0000000e+00   3.8252000e+02
   8.2400000e-03   1.2000000e+01   3.7704000e+02
   8.2400000e-03   1.5000000e+01   3.7038000e+02
   8.2400000e-03   1.8000000e+01   3.6256000e+02
   8.2400000e-03   2.1000000e+01   3.5360000e+02
   8.2400000e-03   2.4000000e+01   3.4352000e+02
   8.2400000e-03   2.7000000e+01   3.3236000e+02
   8.2400000e-03   3.0000000e+01   3.2014000e+02
   1.0225000e-02  -3.0000000e+01   4.0942000e+02
   1.0225000e-02  -2.7000000e+01   4.2283000e+02
   1.0225000e-02  -2.4000000e+01   4.3485000e+02
   1.0225000e-02  -2.1000000e+01   4.4546000e+02
   1.0225000e-02  -1.8000000e+01   4.5465000e+02
   1.0225000e-02  -1.5000000e+01   4.6241000e+02
   1.0225000e-02  -1.2000000e+01   4.6872000e+02
   1.0225000e-02  -9.0000000e+00   4.7358000e+02
   1.0225000e-02  -6.0000000e+00   4.7658000e+02
   1.0225000e-02  -3.0000000e+00   4.7773000e+02
   1.0225000e-02  -2.2204000e-15   4.7736000e+02
   1.0225000e-02   3.0000000e+00   4.7548000e+02
   1.0225000e-02   6.0000000e+00   4.7210000e+02
   1.0225000e-02   9.0000000e+00   4.6723000e+02
   1.0225000e-02   1.2000000e+01   4.6089000e+02
   1.0225000e-02   1.5000000e+01   4.5310000e+02
   1.0225000e-02   1.8000000e+01   4.4389000e+02
   1.0225000e-02   2.1000000e+01   4.3328000e+02
   1.0225000e-02   2.4000000e+01   4.2130000e+02
   1.0225000e-02   2.7000000e+01   4.0798000e+02
   1.0225000e-02   3.0000000e+01   3.9337000e+02
   1.2210000e-02  -3.0000000e+01   4.6866000e+02
   1.2210000e-02  -2.7000000e+01   4.8488000e+02
   1.2210000e-02  -2.4000000e+01   4.9947000e+02
   1.2210000e-02  -2.1000000e+01   5.1241000e+02
   1.2210000e-02  -1.8000000e+01   5.2367000e+02
   1.2210000e-02  -1.5000000e+01   5.3321000e+02
   1.2210000e-02  -1.2000000e+01   5.4105000e+02
   1.2210000e-02  -9.0000000e+00   5.4719000e+02
   1.2210000e-02  -6.0000000e+00   5.5161000e+02
   1.2210000e-02  -3.0000000e+00   5.5430000e+02
   1.2210000e-02  -2.2204000e-15   5.5527000e+02
   1.2210000e-02   3.0000000e+00   5.5452000e+02
   1.2210000e-02   6.0000000e+00   5.5205000e+02
   1.2210000e-02   9.0000000e+00   5.4685000e+02
   1.2210000e-02   1.2000000e+01   5.3981000e+02
   1.2210000e-02   1.5000000e+01   5.3106000e+02
   1.2210000e-02   1.8000000e+01   5.2062000e+02
   1.2210000e-02   2.1000000e+01   5.0852000e+02
   1.2210000e-02   2.4000000e+01   4.9480000e+02
   1.2210000e-02   2.7000000e+01   4.7951000e+02
   1.2210000e-02   3.0000000e+01   4.6267000e+02
   1.4195000e-02  -3.0000000e+01   5.1579000e+02
   1.4195000e-02  -2.7000000e+01   5.3464000e+02
   1.4195000e-02  -2.4000000e+01   5.5163000e+02
   1.4195000e-02  -2.1000000e+01   5.6673000e+02
   1.4195000e-02  -1.8000000e+01   5.7993000e+02
   1.4195000e-02  -1.5000000e+01   5.9121000e+02
   1.4195000e-02  -1.2000000e+01   6.0057000e+02
   1.4195000e-02  -9.0000000e+00   6.0799000e+02
   1.4195000e-02  -6.0000000e+00   6.1346000e+02
   1.4195000e-02  -3.0000000e+00   6.1699000e+02
   1.4195000e-02  -2.2204000e-15   6.1856000e+02
   1.4195000e-02   3.0000000e+00   6.1818000e+02
   1.4195000e-02   6.0000000e+00   6.1584000e+02
   1.4195000e-02   9.0000000e+00   6.1156000e+02
   1.4195000e-02   1.2000000e+01   6.0534000e+02
   1.4195000e-02   1.5000000e+01   5.9719000e+02
   1.4195000e-02   1.8000000e+01   5.8711000e+02
   1.4195000e-02   2.1000000e+01   5.7423000e+02
   1.4195000e-02   2.4000000e+01   5.5909000e+02
   1.4195000e-02   2.7000000e+01   5.4212000e+02
   1.4195000e-02   3.0000000e+01   5.2337000e+02
   1.6180000e-02  -3.0000000e+01   5.5373000e+02
   1.6180000e-02  -2.7000000e+01   5.7521000e+02
   1.6180000e-02  -2.4000000e+01   5.9460000e+02
   1.6180000e-02  -2.1000000e+01   6.1188000e+02
   1.6180000e-02  -1.8000000e+01   6.2703000e+02
   1.6180000e-02  -1.5000000e+01   6.4003000e+02
   1.6180000e-02  -1.2000000e+01   6.5089000e+02
   1.6180000e-02  -9.0000000e+00   6.5959000e+02
   1.6180000e-02  -6.0000000e+00   6.6611000e+02
   1.6180000e-02  -3.0000000e+00   6.7047000e+02
   1.6180000e-02  -2.2204000e-15   6.7266000e+02
   1.6180000e-02   3.0000000e+00   6.7267000e+02
   1.6180000e-02   6.0000000e+00   6.7051000e+02
   1.6180000e-02   9.0000000e+00   6.6618000e+02
   1.6180000e-02   1.2000000e+01   6.5968000e+02
   1.6180000e-02   1.5000000e+01   6.5103000e+02
   1.6180000e-02   1.8000000e+01   6.4023000e+02
   1.6180000e-02   2.1000000e+01   6.2730000e+02
   1.6180000e-02   2.4000000e+01   6.1224000e+02
   1.6180000e-02   2.7000000e+01   5.9507000e+02
   1.6180000e-02   3.0000000e+01   5.7582000e+02
   1.8165000e-02  -3.0000000e+01   5.8230000e+02
   1.8165000e-02  -2.7000000e+01   6.0644000e+02
   1.8165000e-02  -2.4000000e+01   6.2825000e+02
   1.8165000e-02  -2.1000000e+01   6.4772000e+02
   1.8165000e-02  -1.8000000e+01   6.6484000e+02
   1.8165000e-02  -1.5000000e+01   6.7959000e+02
   1.8165000e-02  -1.2000000e+01   6.9198000e+02
   1.8165000e-02  -9.0000000e+00   7.0198000e+02
   1.8165000e-02  -6.0000000e+00   7.0960000e+02
   1.8165000e-02  -3.0000000e+00   7.1483000e+02
   1.8165000e-02  -2.2204000e-15   7.1768000e+02
   1.8165000e-02   3.0000000e+00   7.1813000e+02
   1.8165000e-02   6.0000000e+00   7.1619000e+02
   1.8165000e-02   9.0000000e+00   7.1187000e+02
   1.8165000e-02   1.2000000e+01   7.0517000e+02
   1.8165000e-02   1.5000000e+01   6.9609000e+02
   1.8165000e-02   1.8000000e+01   6.8464000e+02
   1.8165000e-02   2.1000000e+01   6.7083000e+02
   1.8165000e-02   2.4000000e+01   6.5468000e+02
   1.8165000e-02   2.7000000e+01   6.3619000e+02
   1.8165000e-02   3.0000000e+01   6.1539000e+02
   2.0150000e-02  -3.0000000e+01   6.0132000e+02
   2.0150000e-02  -2.7000000e+01   6.2815000e+02
   2.0150000e-02  -2.4000000e+01   6.5242000e+02
   2.0150000e-02  -2.1000000e+01   6.7412000e+02
   2.0150000e-02  -1.8000000e+01   6.9325000e+02
   2.0150000e-02  -1.5000000e+01   7.0979000e+02
   2.0150000e-02  -1.2000000e+01   7.2373000e+02
   2.0150000e-02  -9.0000000e+00   7.3508000e+02
   2.0150000e-02  -6.0000000e+00   7.4383000e+02
   2.0150000e-02  -3.0000000e+00   7.4998000e+02
   2.0150000e-02  -2.2204000e-15   7.5352000e+02
   2.0150000e-02   3.0000000e+00   7.5446000e+02
   2.0150000e-02   6.0000000e+00   7.5279000e+02
   2.0150000e-02   9.0000000e+00   7.4853000e+02
   2.0150000e-02   1.2000000e+01   7.4167000e+02
   2.0150000e-02   1.5000000e+01   7.3222000e+02
   2.0150000e-02   1.8000000e+01   7.2018000e+02
   2.0150000e-02   2.1000000e+01   7.0557000e+02
   2.0150000e-02   2.4000000e+01   6.8838000e+02
   2.0150000e-02   2.7000000e+01   6.6864000e+02
   2.0150000e-02   3.0000000e+01   6.4635000e+02
   2.2135000e-02  -3.0000000e+01   6.1058000e+02
   2.2135000e-02  -2.7000000e+01   6.4016000e+02
   2.2135000e-02  -2.4000000e+01   6.6695000e+02
   2.2135000e-02  -2.1000000e+01   6.9094000e+02
   2.2135000e-02  -1.8000000e+01   7.1212000e+02
   2.2135000e-02  -1.5000000e+01   7.3049000e+02
   2.2135000e-02  -1.2000000e+01   7.4604000e+02
   2.2135000e-02  -9.0000000e+00   7.5878000e+02
   2.2135000e-02  -6.0000000e+00   7.6869000e+02
   2.2135000e-02  -3.0000000e+00   7.7579000e+02
   2.2135000e-02  -2.2204000e-15   7.8008000e+02
   2.2135000e-02   3.0000000e+00   7.8154000e+02
   2.2135000e-02   6.0000000e+00   7.8020000e+02
   2.2135000e-02   9.0000000e+00   7.7604000e+02
   2.2135000e-02   1.2000000e+01   7.6907000e+02
   2.2135000e-02   1.5000000e+01   7.5929000e+02
   2.2135000e-02   1.8000000e+01   7.4672000e+02
   2.2135000e-02   2.1000000e+01   7.3134000e+02
   2.2135000e-02   2.4000000e+01   7.1318000e+02
   2.2135000e-02   2.7000000e+01   6.9223000e+02
   2.2135000e-02   3.0000000e+01   6.6850000e+02
   2.4120000e-02  -3.0000000e+01   6.0984000e+02
   2.4120000e-02  -2.7000000e+01   6.4227000e+02
   2.4120000e-02  -2.4000000e+01   6.7166000e+02
   2.4120000e-02  -2.1000000e+01   6.9800000e+02
   2.4120000e-02  -1.8000000e+01   7.2130000e+02
   2.4120000e-02  -1.5000000e+01   7.4155000e+02
   2.4120000e-02  -1.2000000e+01   7.5877000e+02
   2.4120000e-02  -9.0000000e+00   7.7294000e+02
   2.4120000e-02  -6.0000000e+00   7.8408000e+02
   2.4120000e-02  -3.0000000e+00   7.9218000e+02
   2.4120000e-02  -2.2204000e-15   7.9725000e+02
   2.4120000e-02   3.0000000e+00   7.9928000e+02
   2.4120000e-02   6.0000000e+00   7.9829000e+02
   2.4120000e-02   9.0000000e+00   7.9428000e+02
   2.4120000e-02   1.2000000e+01   7.8723000e+02
   2.4120000e-02   1.5000000e+01   7.7717000e+02
   2.4120000e-02   1.8000000e+01   7.6409000e+02
   2.4120000e-02   2.1000000e+01   7.4799000e+02
   2.4120000e-02   2.4000000e+01   7.2887000e+02
   2.4120000e-02   2.7000000e+01   7.0674000e+02
   2.4120000e-02   3.0000000e+01   6.8161000e+02
   2.6105000e-02  -3.0000000e+01   5.9884000e+02
   2.6105000e-02  -2.7000000e+01   6.3423000e+02
   2.6105000e-02  -2.4000000e+01   6.6631000e+02
   2.6105000e-02  -2.1000000e+01   6.9510000e+02
   2.6105000e-02  -1.8000000e+01   7.2060000e+02
   2.6105000e-02  -1.5000000e+01   7.4281000e+02
   2.6105000e-02  -1.2000000e+01   7.6176000e+02
   2.6105000e-02  -9.0000000e+00   7.7743000e+02
   2.6105000e-02  -6.0000000e+00   7.8984000e+02
   2.6105000e-02  -3.0000000e+00   7.9899000e+02
   2.6105000e-02  -2.2204000e-15   8.0489000e+02
   2.6105000e-02   3.0000000e+00   8.0753000e+02
   2.6105000e-02   6.0000000e+00   8.0694000e+02
   2.6105000e-02   9.0000000e+00   8.0310000e+02
   2.6105000e-02   1.2000000e+01   7.9602000e+02
   2.6105000e-02   1.5000000e+01   7.8569000e+02
   2.6105000e-02   1.8000000e+01   7.7213000e+02
   2.6105000e-02   2.1000000e+01   7.5532000e+02
   2.6105000e-02   2.4000000e+01   7.3528000e+02
   2.6105000e-02   2.7000000e+01   7.1198000e+02
   2.6105000e-02   3.0000000e+01   6.8544000e+02
   2.8090000e-02  -3.0000000e+01   5.7727000e+02
   2.8090000e-02  -2.7000000e+01   6.1575000e+02
   2.8090000e-02  -2.4000000e+01   6.5065000e+02
   2.8090000e-02  -2.1000000e+01   6.8200000e+02
   2.8090000e-02  -1.8000000e+01   7.0980000e+02
   2.8090000e-02  -1.5000000e+01   7.3407000e+02
   2.8090000e-02  -1.2000000e+01   7.5482000e+02
   2.8090000e-02  -9.0000000e+00   7.7206000e+02
   2.8090000e-02  -6.0000000e+00   7.8580000e+02
   2.8090000e-02  -3.0000000e+00   7.9606000e+02
   2.8090000e-02  -2.2204000e-15   8.0284000e+02
   2.8090000e-02   3.0000000e+00   8.0614000e+02
   2.8090000e-02   6.0000000e+00   8.0597000e+02
   2.8090000e-02   9.0000000e+00   8.0234000e+02
   2.8090000e-02   1.2000000e+01   7.9524000e+02
   2.8090000e-02   1.5000000e+01   7.8468000e+02
   2.8090000e-02   1.8000000e+01   7.7065000e+02
   2.8090000e-02   2.1000000e+01   7.5315000e+02
   2.8090000e-02   2.4000000e+01   7.3216000e+02
   2.8090000e-02   2.7000000e+01   7.0770000e+02
   2.8090000e-02   3.0000000e+01   6.7975000e+02
   3.0075000e-02  -3.0000000e+01   5.4475000e+02
   3.0075000e-02  -2.7000000e+01   5.8650000e+02
   3.0075000e-02  -2.4000000e+01   6.2438000e+02
   3.0075000e-02  -2.1000000e+01   6.5842000e+02
   3.0075000e-02  -1.8000000e+01   6.8865000e+02
   3.0075000e-02  -1.5000000e+01   7.1507000e+02
   3.0075000e-02  -1.2000000e+01   7.3772000e+02
   3.0075000e-02  -9.0000000e+00   7.5662000e+02
   3.0075000e-02  -6.0000000e+00   7.7177000e+02
   3.0075000e-02  -3.0000000e+00   7.8319000e+02
   3.0075000e-02  -2.2204000e-15   7.9090000e+02
   3.0075000e-02   3.0000000e+00   7.9490000e+02
   3.0075000e-02   6.0000000e+00   7.9520000e+02
   3.0075000e-02   9.0000000e+00   7.9180000e+02
   3.0075000e-02   1.2000000e+01   7.8471000e+02
   3.0075000e-02   1.5000000e+01   7.7392000e+02
   3.0075000e-02   1.8000000e+01   7.5942000e+02
   3.0075000e-02   2.1000000e+01   7.4121000e+02
   3.0075000e-02   2.4000000e+01   7.1929000e+02
   3.0075000e-02   2.7000000e+01   6.9363000e+02
   3.0075000e-02   3.0000000e+01   6.6423000e+02
   3.2060000e-02  -3.0000000e+01   5.0086000e+02
   3.2060000e-02  -2.7000000e+01   5.4609000e+02
   3.2060000e-02  -2.4000000e+01   5.8714000e+02
   3.2060000e-02  -2.1000000e+01   6.2404000e+02
   3.2060000e-02  -1.8000000e+01   6.5683000e+02
   3.2060000e-02  -1.5000000e+01   6.8554000e+02
   3.2060000e-02  -1.2000000e+01   7.1020000e+02
   3.2060000e-02  -9.0000000e+00   7.3084000e+02
   3.2060000e-02  -6.0000000e+00   7.4748000e+02
   3.2060000e-02  -3.0000000e+00   7.6014000e+02
   3.2060000e-02  -2.2204000e-15   7.6884000e+02
   3.2060000e-02   3.0000000e+00   7.7359000e+02
   3.2060000e-02   6.0000000e+00   7.7439000e+02
   3.2060000e-02   9.0000000e+00   7.7125000e+02
   3.2060000e-02   1.2000000e+01   7.6417000e+02
   3.2060000e-02   1.5000000e+01   7.5315000e+02
   3.2060000e-02   1.8000000e+01   7.3819000e+02
   3.2060000e-02   2.1000000e+01   7.1926000e+02
   3.2060000e-02   2.4000000e+01   6.9635000e+02
   3.2060000e-02   2.7000000e+01   6.6946000e+02
   3.2060000e-02   3.0000000e+01   6.3855000e+02
   3.4045000e-02  -3.0000000e+01   4.4511000e+02
   3.4045000e-02  -2.7000000e+01   4.9407000e+02
   3.4045000e-02  -2.4000000e+01   5.3849000e+02
   3.4045000e-02  -2.1000000e+01   5.7845000e+02
   3.4045000e-02  -1.8000000e+01   6.1398000e+02
   3.4045000e-02  -1.5000000e+01   6.4512000e+02
   3.4045000e-02  -1.2000000e+01   6.7193000e+02
   3.4045000e-02  -9.0000000e+00   6.9443000e+02
   3.4045000e-02  -6.0000000e+00   7.1265000e+02
   3.4045000e-02  -3.0000000e+00   7.2663000e+02
   3.4045000e-02  -2.2204000e-15   7.3638000e+02
   3.4045000e-02   3.0000000e+00   7.4192000e+02
   3.4045000e-02   6.0000000e+00   7.4325000e+02
   3.4045000e-02   9.0000000e+00   7.4040000e+02
   3.4045000e-02   1.2000000e+01   7.3335000e+02
   3.4045000e-02   1.5000000e+01   7.2210000e+02
   3.4045000e-02   1.8000000e+01   7.0664000e+02
   3.4045000e-02   2.1000000e+01   6.8695000e+02
   3.4045000e-02   2.4000000e+01   6.6303000e+02
   3.4045000e-02   2.7000000e+01   6.3483000e+02
   3.4045000e-02   3.0000000e+01   6.0234000e+02
   3.6030000e-02  -3.0000000e+01   3.7691000e+02
   3.6030000e-02  -2.7000000e+01   4.2989000e+02
   3.6030000e-02  -2.4000000e+01   4.7796000e+02
   3.6030000e-02  -2.1000000e+01   5.2119000e+02
   3.6030000e-02  -1.8000000e+01   5.5966000e+02
   3.6030000e-02  -1.5000000e+01   5.9342000e+02
   3.6030000e-02  -1.2000000e+01   6.2251000e+02
   3.6030000e-02  -9.0000000e+00   6.4700000e+02
   3.6030000e-02  -6.0000000e+00   6.6692000e+02
   3.6030000e-02  -3.0000000e+00   6.8230000e+02
   3.6030000e-02  -2.2204000e-15   6.9317000e+02
   3.6030000e-02   3.0000000e+00   6.9956000e+02
   3.6030000e-02   6.0000000e+00   7.0147000e+02
   3.6030000e-02   9.0000000e+00   6.9891000e+02
   3.6030000e-02   1.2000000e+01   6.9189000e+02
   3.6030000e-02   1.5000000e+01   6.8039000e+02
   3.6030000e-02   1.8000000e+01   6.6441000e+02
   3.6030000e-02   2.1000000e+01   6.4393000e+02
   3.6030000e-02   2.4000000e+01   6.1891000e+02
   3.6030000e-02   2.7000000e+01   5.8934000e+02
   3.6030000e-02   3.0000000e+01   5.5517000e+02
   3.8015000e-02  -3.0000000e+01   2.9559000e+02
   3.8015000e-02  -2.7000000e+01   3.5293000e+02
   3.8015000e-02  -2.4000000e+01   4.0495000e+02
   3.8015000e-02  -2.1000000e+01   4.5174000e+02
   3.8015000e-02  -1.8000000e+01   4.9337000e+02
   3.8015000e-02  -1.5000000e+01   5.2994000e+02
   3.8015000e-02  -1.2000000e+01   5.6151000e+02
   3.8015000e-02  -9.0000000e+00   5.8813000e+02
   3.8015000e-02  -6.0000000e+00   6.0987000e+02
   3.8015000e-02  -3.0000000e+00   6.2675000e+02
   3.8015000e-02  -2.2204000e-15   6.3883000e+02
   3.8015000e-02   3.0000000e+00   6.4612000e+02
   3.8015000e-02   6.0000000e+00   6.4864000e+02
   3.8015000e-02   9.0000000e+00   6.4640000e+02
   3.8015000e-02   1.2000000e+01   6.3941000e+02
   3.8015000e-02   1.5000000e+01   6.2764000e+02
   3.8015000e-02   1.8000000e+01   6.1110000e+02
   3.8015000e-02   2.1000000e+01   5.8975000e+02
   3.8015000e-02   2.4000000e+01   5.6357000e+02
   3.8015000e-02   2.7000000e+01   5.3250000e+02
   3.8015000e-02   3.0000000e+01   4.9652000e+02
   4.0000000e-02  -3.0000000e+01   2.0036000e+02
   4.0000000e-02  -2.7000000e+01   2.6248000e+02
   4.0000000e-02  -2.4000000e+01   3.1880000e+02
   4.0000000e-02  -2.1000000e+01   3.6944000e+02
   4.0000000e-02  -1.8000000e+01   4.1453000e+02
   4.0000000e-02  -1.5000000e+01   4.5414000e+02
   4.0000000e-02  -1.2000000e+01   4.8838000e+02
   4.0000000e-02  -9.0000000e+00   5.1731000e+02
   4.0000000e-02  -6.0000000e+00   5.4100000e+02
   4.0000000e-02  -3.0000000e+00   5.5951000e+02
   4.0000000e-02  -2.2204000e-15   5.7288000e+02
   4.0000000e-02   3.0000000e+00   5.8114000e+02
   4.0000000e-02   6.0000000e+00   5.8431000e+02
   4.0000000e-02   9.0000000e+00   5.8240000e+02
   4.0000000e-02   1.2000000e+01   5.7543000e+02
   4.0000000e-02   1.5000000e+01   5.6337000e+02
   4.0000000e-02   1.8000000e+01   5.4621000e+02
   4.0000000e-02   2.1000000e+01   5.2392000e+02
   4.0000000e-02   2.4000000e+01   4.9646000e+02
   4.0000000e-02   2.7000000e+01   4.6378000e+02
   4.0000000e-02   3.0000000e+01   4.2581000e+02
