   3.0000000e-04  -3.0000000e+01  -5.8974000e+01
   3.0000000e-04  -2.7000000e+01  -5.9224000e+01
   3.0000000e-04  -2.4000000e+01  -5.9463000e+01
   3.0000000e-04  -2.1000000e+01  -5.9691000e+01
   3.0000000e-04  -1.8000000e+01  -5.9908000e+01
   3.0000000e-04  -1.5000000e+01  -6.0113000e+01
   3.0000000e-04  -1.2000000e+01  -6.0305000e+01
   3.0000000e-04  -9.0000000e+00  -6.0484000e+01
   3.0000000e-04  -6.0000000e+00  -6.0649000e+01
   3.0000000e-04  -3.0000000e+00  -6.0800000e+01
   3.0000000e-04  -2.2204000e-15  -6.0936000e+01
   3.0000000e-04   3.0000000e+00  -6.1056000e+01
   3.0000000e-04   6.0000000e+00  -6.1161000e+01
   3.0000000e-04   9.0000000e+00  -6.1248000e+01
   3.0000000e-04   1.2000000e+01  -6.1318000e+01
   3.0000000e-04   1.5000000e+01  -6.1369000e+01
   3.0000000e-04   1.8000000e+01  -6.1401000e+01
   3.0000000e-04   2.1000000e+01  -6.1414000e+01
   3.0000000e-04   2.4000000e+01  -6.1406000e+01
   3.0000000e-04   2.7000000e+01  -6.1377000e+01
   3.0000000e-04   3.0000000e+01  -6.1326000e+01
   2.2850000e-03  -3.0000000e+01  -6.4400000e+01
   2.2850000e-03  -2.7000000e+01  -6.4869000e+01
   2.2850000e-03  -2.4000000e+01  -6.5306000e+01
   2.2850000e-03  -2.1000000e+01  -6.5709000e+01
   2.2850000e-03  -1.8000000e+01  -6.6076000e+01
   2.2850000e-03  -1.5000000e+01  -6.6407000e+01
   2.2850000e-03  -1.2000000e+01  -6.6699000e+01
   2.2850000e-03  -9.0000000e+00  -6.6950000e+01
   2.2850000e-03  -6.0000000e+00  -6.7161000e+01
   2.2850000e-03  -3.0000000e+00  -6.7328000e+01
   2.2850000e-03  -2.2204000e-15  -6.7452000e+01
   2.2850000e-03   3.0000000e+00  -6.7529000e+01
   2.2850000e-03   6.0000000e+00  -6.7559000e+01
   2.2850000e-03   9.0000000e+00  -6.7541000e+01
   2.2850000e-03   1.2000000e+01  -6.7473000e+01
   2.2850000e-03   1.5000000e+01  -6.7353000e+01
   2.2850000e-03   1.8000000e+01  -6.7182000e+01
   2.2850000e-03   2.1000000e+01  -6.6957000e+01
   2.2850000e-03   2.4000000e+01  -6.6677000e+01
   2.2850000e-03   2.7000000e+01  -6.6342000e+01
   2.2850000e-03   3.0000000e+01  -6.5951000e+01
   4.2700000e-03  -3.0000000e+01  -6.6628000e+01
   4.2700000e-03  -2.7000000e+01  -6.7205000e+01
   4.2700000e-03  -2.4000000e+01  -6.7746000e+01
   4.2700000e-03  -2.1000000e+01  -6.8248000e+01
   4.2700000e-03  -1.8000000e+01  -6.8711000e+01
   4.2700000e-03  -1.5000000e+01  -6.9134000e+01
   4.2700000e-03  -1.2000000e+01  -6.9514000e+01
   4.2700000e-03  -9.0000000e+00  -6.9851000e+01
   4.2700000e-03  -6.0000000e+00  -7.0144000e+01
   4.2700000e-03  -3.0000000e+00  -7.0390000e+01
   4.2700000e-03  -2.2204000e-15  -7.0589000e+01
   4.2700000e-03   3.0000000e+00  -7.0739000e+01
   4.2700000e-03   6.0000000e+00  -7.0840000e+01
   4.2700000e-03   9.0000000e+00  -7.0889000e+01
   4.2700000e-03   1.2000000e+01  -7.0886000e+01
   4.2700000e-03   1.5000000e+01  -7.0828000e+01
   4.2700000e-03   1.8000000e+01  -7.0716000e+01
   4.2700000e-03   2.1000000e+01  -7.0547000e+01
   4.2700000e-03   2.4000000e+01  -7.0321000e+01
   4.2700000e-03   2.7000000e+01  -7.0034000e+01
   4.2700000e-03   3.0000000e+01  -6.9685000e+01
   6.2550000e-03  -3.0000000e+01  -6.7988000e+01
   6.2550000e-03  -2.7000000e+01  -6.8644000e+01
   6.2550000e-03  -2.4000000e+01  -6.9262000e+01
   6.2550000e-03  -2.1000000e+01  -6.9841000e+01
   6.2550000e-03  -1.8000000e+01  -7.0380000e+01
   6.2550000e-03  -1.5000000e+01  -7.0878000e+01
   6.2550000e-03  -1.2000000e+01  -7.1332000e+01
   6.2550000e-03  -9.0000000e+00  -7.1743000e+01
   6.2550000e-03  -6.0000000e+00  -7.2110000e+01
   6.2550000e-03  -3.0000000e+00  -7.2430000e+01
   6.2550000e-03  -2.2204000e-15  -7.2703000e+01
   6.2550000e-03   3.0000000e+00  -7.2929000e+01
   6.2550000e-03   6.0000000e+00  -7.3107000e+01
   6.2550000e-03   9.0000000e+00  -7.3234000e+01
   6.2550000e-03   1.2000000e+01  -7.3312000e+01
   6.2550000e-03   1.5000000e+01  -7.3339000e+01
   6.2550000e-03   1.8000000e+01  -7.3314000e+01
   6.2550000e-03   2.1000000e+01  -7.3237000e+01
   6.2550000e-03   2.4000000e+01  -7.3106000e+01
   6.2550000e-03   2.7000000e+01  -7.2921000e+01
   6.2550000e-03   3.0000000e+01  -7.2680000e+01
   8.2400000e-03  -3.0000000e+01  -6.9086000e+01
   8.2400000e-03  -2.7000000e+01  -6.9660000e+01
   8.2400000e-03  -2.4000000e+01  -7.0184000e+01
   8.2400000e-03  -2.1000000e+01  -7.0813000e+01
   8.2400000e-03  -1.8000000e+01  -7.1401000e+01
   8.2400000e-03  -1.5000000e+01  -7.1945000e+01
   8.2400000e-03  -1.2000000e+01  -7.2445000e+01
   8.2400000e-03  -9.0000000e+00  -7.2900000e+01
   8.2400000e-03  -6.0000000e+00  -7.3308000e+01
   8.2400000e-03  -3.0000000e+00  -7.3670000e+01
   8.2400000e-03  -2.2204000e-15  -7.3983000e+01
   8.2400000e-03   3.0000000e+00  -7.4247000e+01
   8.2400000e-03   6.0000000e+00  -7.4461000e+01
   8.2400000e-03   9.0000000e+00  -7.4624000e+01
   8.2400000e-03   1.2000000e+01  -7.4736000e+01
   8.2400000e-03   1.5000000e+01  -7.4796000e+01
   8.2400000e-03   1.8000000e+01  -7.4803000e+01
   8.2400000e-03   2.1000000e+01  -7.4756000e+01
   8.2400000e-03   2.4000000e+01  -7.4654000e+01
   8.2400000e-03   2.7000000e+01  -7.4497000e+01
   8.2400000e-03   3.0000000e+01  -7.4282000e+01
   1.0225000e-02  -3.0000000e+01  -7.0587000e+01
   1.0225000e-02  -2.7000000e+01  -7.1224000e+01
   1.0225000e-02  -2.4000000e+01  -7.1797000e+01
   1.0225000e-02  -2.1000000e+01  -7.2306000e+01
   1.0225000e-02  -1.8000000e+01  -7.2748000e+01
   1.0225000e-02  -1.5000000e+01  -7.3123000e+01
   1.0225000e-02  -1.2000000e+01  -7.3431000e+01
   1.0225000e-02  -9.0000000e+00  -7.3669000e+01
   1.0225000e-02  -6.0000000e+00  -7.3979000e+01
   1.0225000e-02  -3.0000000e+00  -7.4355000e+01
   1.0225000e-02  -2.2204000e-15  -7.4680000e+01
   1.0225000e-02   3.0000000e+00  -7.4953000e+01
   1.0225000e-02   6.0000000e+00  -7.5171000e+01
   1.0225000e-02   9.0000000e+00  -7.5335000e+01
   1.0225000e-02   1.2000000e+01  -7.5443000e+01
   1.0225000e-02   1.5000000e+01  -7.5493000e+01
   1.0225000e-02   1.8000000e+01  -7.5485000e+01
   1.0225000e-02   2.1000000e+01  -7.5416000e+01
   1.0225000e-02   2.4000000e+01  -7.5286000e+01
   1.0225000e-02   2.7000000e+01  -7.5091000e+01
   1.0225000e-02   3.0000000e+01  -7.4830000e+01
   1.2210000e-02  -3.0000000e+01  -7.1949000e+01
   1.2210000e-02  -2.7000000e+01  -7.2639000e+01
   1.2210000e-02  -2.4000000e+01  -7.3258000e+01
   1.2210000e-02  -2.1000000e+01  -7.3805000e+01
   1.2210000e-02  -1.8000000e+01  -7.4280000e+01
   1.2210000e-02  -1.5000000e+01  -7.4695000e+01
   1.2210000e-02  -1.2000000e+01  -7.5036000e+01
   1.2210000e-02  -9.0000000e+00  -7.5302000e+01
   1.2210000e-02  -6.0000000e+00  -7.5492000e+01
   1.2210000e-02  -3.0000000e+00  -7.5607000e+01
   1.2210000e-02  -2.2204000e-15  -7.5644000e+01
   1.2210000e-02   3.0000000e+00  -7.5606000e+01
   1.2210000e-02   6.0000000e+00  -7.5490000e+01
   1.2210000e-02   9.0000000e+00  -7.5606000e+01
   1.2210000e-02   1.2000000e+01  -7.5690000e+01
   1.2210000e-02   1.5000000e+01  -7.5711000e+01
   1.2210000e-02   1.8000000e+01  -7.5667000e+01
   1.2210000e-02   2.1000000e+01  -7.5554000e+01
   1.2210000e-02   2.4000000e+01  -7.5372000e+01
   1.2210000e-02   2.7000000e+01  -7.5117000e+01
   1.2210000e-02   3.0000000e+01  -7.4785000e+01
   1.4195000e-02  -3.0000000e+01  -7.4725000e+01
   1.4195000e-02  -2.7000000e+01  -7.5527000e+01
   1.4195000e-02  -2.4000000e+01  -7.6247000e+01
   1.4195000e-02  -2.1000000e+01  -7.6886000e+01
   1.4195000e-02  -1.8000000e+01  -7.7441000e+01
   1.4195000e-02  -1.5000000e+01  -7.7911000e+01
   1.4195000e-02  -1.2000000e+01  -7.8297000e+01
   1.4195000e-02  -9.0000000e+00  -7.8596000e+01
   1.4195000e-02  -6.0000000e+00  -7.8808000e+01
   1.4195000e-02  -3.0000000e+00  -7.8933000e+01
   1.4195000e-02  -2.2204000e-15  -7.8970000e+01
   1.4195000e-02   3.0000000e+00  -7.8921000e+01
   1.4195000e-02   6.0000000e+00  -7.8783000e+01
   1.4195000e-02   9.0000000e+00  -7.8559000e+01
   1.4195000e-02   1.2000000e+01  -7.8247000e+01
   1.4195000e-02   1.5000000e+01  -7.7850000e+01
   1.4195000e-02   1.8000000e+01  -7.7367000e+01
   1.4195000e-02   2.1000000e+01  -7.7047000e+01
   1.4195000e-02   2.4000000e+01  -7.6759000e+01
   1.4195000e-02   2.7000000e+01  -7.6386000e+01
   1.4195000e-02   3.0000000e+01  -7.5927000e+01
   1.6180000e-02  -3.0000000e+01  -7.7270000e+01
   1.6180000e-02  -2.7000000e+01  -7.8183000e+01
   1.6180000e-02  -2.4000000e+01  -7.9005000e+01
   1.6180000e-02  -2.1000000e+01  -7.9734000e+01
   1.6180000e-02  -1.8000000e+01  -8.0370000e+01
   1.6180000e-02  -1.5000000e+01  -8.0910000e+01
   1.6180000e-02  -1.2000000e+01  -8.1355000e+01
   1.6180000e-02  -9.0000000e+00  -8.1702000e+01
   1.6180000e-02  -6.0000000e+00  -8.1952000e+01
   1.6180000e-02  -3.0000000e+00  -8.2104000e+01
   1.6180000e-02  -2.2204000e-15  -8.2158000e+01
   1.6180000e-02   3.0000000e+00  -8.2113000e+01
   1.6180000e-02   6.0000000e+00  -8.1970000e+01
   1.6180000e-02   9.0000000e+00  -8.1730000e+01
   1.6180000e-02   1.2000000e+01  -8.1391000e+01
   1.6180000e-02   1.5000000e+01  -8.0955000e+01
   1.6180000e-02   1.8000000e+01  -8.0424000e+01
   1.6180000e-02   2.1000000e+01  -7.9796000e+01
   1.6180000e-02   2.4000000e+01  -7.9075000e+01
   1.6180000e-02   2.7000000e+01  -7.8261000e+01
   1.6180000e-02   3.0000000e+01  -7.7356000e+01
   1.8165000e-02  -3.0000000e+01  -7.9582000e+01
   1.8165000e-02  -2.7000000e+01  -8.0607000e+01
   1.8165000e-02  -2.4000000e+01  -8.1530000e+01
   1.8165000e-02  -2.1000000e+01  -8.2351000e+01
   1.8165000e-02  -1.8000000e+01  -8.3067000e+01
   1.8165000e-02  -1.5000000e+01  -8.3678000e+01
   1.8165000e-02  -1.2000000e+01  -8.4182000e+01
   1.8165000e-02  -9.0000000e+00  -8.4578000e+01
   1.8165000e-02  -6.0000000e+00  -8.4867000e+01
   1.8165000e-02  -3.0000000e+00  -8.5047000e+01
   1.8165000e-02  -2.2204000e-15  -8.5118000e+01
   1.8165000e-02   3.0000000e+00  -8.5080000e+01
   1.8165000e-02   6.0000000e+00  -8.4933000e+01
   1.8165000e-02   9.0000000e+00  -8.4677000e+01
   1.8165000e-02   1.2000000e+01  -8.4313000e+01
   1.8165000e-02   1.5000000e+01  -8.3841000e+01
   1.8165000e-02   1.8000000e+01  -8.3262000e+01
   1.8165000e-02   2.1000000e+01  -8.2578000e+01
   1.8165000e-02   2.4000000e+01  -8.1789000e+01
   1.8165000e-02   2.7000000e+01  -8.0896000e+01
   1.8165000e-02   3.0000000e+01  -7.9902000e+01
   2.0150000e-02  -3.0000000e+01  -8.1660000e+01
   2.0150000e-02  -2.7000000e+01  -8.2797000e+01
   2.0150000e-02  -2.4000000e+01  -8.3823000e+01
   2.0150000e-02  -2.1000000e+01  -8.4735000e+01
   2.0150000e-02  -1.8000000e+01  -8.5532000e+01
   2.0150000e-02  -1.5000000e+01  -8.6214000e+01
   2.0150000e-02  -1.2000000e+01  -8.6778000e+01
   2.0150000e-02  -9.0000000e+00  -8.7225000e+01
   2.0150000e-02  -6.0000000e+00  -8.7552000e+01
   2.0150000e-02  -3.0000000e+00  -8.7761000e+01
   2.0150000e-02  -2.2204000e-15  -8.7850000e+01
   2.0150000e-02   3.0000000e+00  -8.7819000e+01
   2.0150000e-02   6.0000000e+00  -8.7669000e+01
   2.0150000e-02   9.0000000e+00  -8.7400000e+01
   2.0150000e-02   1.2000000e+01  -8.7012000e+01
   2.0150000e-02   1.5000000e+01  -8.6505000e+01
   2.0150000e-02   1.8000000e+01  -8.5881000e+01
   2.0150000e-02   2.1000000e+01  -8.5141000e+01
   2.0150000e-02   2.4000000e+01  -8.4286000e+01
   2.0150000e-02   2.7000000e+01  -8.3317000e+01
   2.0150000e-02   3.0000000e+01  -8.2236000e+01
   2.2135000e-02  -3.0000000e+01  -8.3503000e+01
   2.2135000e-02  -2.7000000e+01  -8.4753000e+01
   2.2135000e-02  -2.4000000e+01  -8.5882000e+01
   2.2135000e-02  -2.1000000e+01  -8.6886000e+01
   2.2135000e-02  -1.8000000e+01  -8.7766000e+01
   2.2135000e-02  -1.5000000e+01  -8.8519000e+01
   2.2135000e-02  -1.2000000e+01  -8.9144000e+01
   2.2135000e-02  -9.0000000e+00  -8.9641000e+01
   2.2135000e-02  -6.0000000e+00  -9.0009000e+01
   2.2135000e-02  -3.0000000e+00  -9.0247000e+01
   2.2135000e-02  -2.2204000e-15  -9.0355000e+01
   2.2135000e-02   3.0000000e+00  -9.0333000e+01
   2.2135000e-02   6.0000000e+00  -9.0181000e+01
   2.2135000e-02   9.0000000e+00  -8.9899000e+01
   2.2135000e-02   1.2000000e+01  -8.9488000e+01
   2.2135000e-02   1.5000000e+01  -8.8948000e+01
   2.2135000e-02   1.8000000e+01  -8.8280000e+01
   2.2135000e-02   2.1000000e+01  -8.7485000e+01
   2.2135000e-02   2.4000000e+01  -8.6565000e+01
   2.2135000e-02   2.7000000e+01  -8.5521000e+01
   2.2135000e-02   3.0000000e+01  -8.4355000e+01
   2.4120000e-02  -3.0000000e+01  -8.5108000e+01
   2.4120000e-02  -2.7000000e+01  -8.6473000e+01
   2.4120000e-02  -2.4000000e+01  -8.7705000e+01
   2.4120000e-02  -2.1000000e+01  -8.8804000e+01
   2.4120000e-02  -1.8000000e+01  -8.9766000e+01
   2.4120000e-02  -1.5000000e+01  -9.0592000e+01
   2.4120000e-02  -1.2000000e+01  -9.1280000e+01
   2.4120000e-02  -9.0000000e+00  -9.1828000e+01
   2.4120000e-02  -6.0000000e+00  -9.2237000e+01
   2.4120000e-02  -3.0000000e+00  -9.2505000e+01
   2.4120000e-02  -2.2204000e-15  -9.2633000e+01
   2.4120000e-02   3.0000000e+00  -9.2621000e+01
   2.4120000e-02   6.0000000e+00  -9.2467000e+01
   2.4120000e-02   9.0000000e+00  -9.2174000e+01
   2.4120000e-02   1.2000000e+01  -9.1740000e+01
   2.4120000e-02   1.5000000e+01  -9.1167000e+01
   2.4120000e-02   1.8000000e+01  -9.0457000e+01
   2.4120000e-02   2.1000000e+01  -8.9608000e+01
   2.4120000e-02   2.4000000e+01  -8.8625000e+01
   2.4120000e-02   2.7000000e+01  -8.7506000e+01
   2.4120000e-02   3.0000000e+01  -8.6255000e+01
   2.6105000e-02  -3.0000000e+01  -8.6472000e+01
   2.6105000e-02  -2.7000000e+01  -8.7953000e+01
   2.6105000e-02  -2.4000000e+01  -8.9292000e+01
   2.6105000e-02  -2.1000000e+01  -9.0486000e+01
   2.6105000e-02  -1.8000000e+01  -9.1533000e+01
   2.6105000e-02  -1.5000000e+01  -9.2433000e+01
   2.6105000e-02  -1.2000000e+01  -9.3184000e+01
   2.6105000e-02  -9.0000000e+00  -9.3785000e+01
   2.6105000e-02  -6.0000000e+00  -9.4236000e+01
   2.6105000e-02  -3.0000000e+00  -9.4535000e+01
   2.6105000e-02  -2.2204000e-15  -9.4684000e+01
   2.6105000e-02   3.0000000e+00  -9.4682000e+01
   2.6105000e-02   6.0000000e+00  -9.4528000e+01
   2.6105000e-02   9.0000000e+00  -9.4223000e+01
   2.6105000e-02   1.2000000e+01  -9.3768000e+01
   2.6105000e-02   1.5000000e+01  -9.3164000e+01
   2.6105000e-02   1.8000000e+01  -9.2410000e+01
   2.6105000e-02   2.1000000e+01  -9.1509000e+01
   2.6105000e-02   2.4000000e+01  -9.0462000e+01
   2.6105000e-02   2.7000000e+01  -8.9270000e+01
   2.6105000e-02   3.0000000e+01  -8.7935000e+01
   2.8090000e-02  -3.0000000e+01  -8.7590000e+01
   2.8090000e-02  -2.7000000e+01  -8.9191000e+01
   2.8090000e-02  -2.4000000e+01  -9.0638000e+01
   2.8090000e-02  -2.1000000e+01  -9.1930000e+01
   2.8090000e-02  -1.8000000e+01  -9.3064000e+01
   2.8090000e-02  -1.5000000e+01  -9.4039000e+01
   2.8090000e-02  -1.2000000e+01  -9.4855000e+01
   2.8090000e-02  -9.0000000e+00  -9.5510000e+01
   2.8090000e-02  -6.0000000e+00  -9.6004000e+01
   2.8090000e-02  -3.0000000e+00  -9.6336000e+01
   2.8090000e-02  -2.2204000e-15  -9.6507000e+01
   2.8090000e-02   3.0000000e+00  -9.6515000e+01
   2.8090000e-02   6.0000000e+00  -9.6362000e+01
   2.8090000e-02   9.0000000e+00  -9.6047000e+01
   2.8090000e-02   1.2000000e+01  -9.5571000e+01
   2.8090000e-02   1.5000000e+01  -9.4934000e+01
   2.8090000e-02   1.8000000e+01  -9.4139000e+01
   2.8090000e-02   2.1000000e+01  -9.3185000e+01
   2.8090000e-02   2.4000000e+01  -9.2075000e+01
   2.8090000e-02   2.7000000e+01  -9.0809000e+01
   2.8090000e-02   3.0000000e+01  -8.9389000e+01
   3.0075000e-02  -3.0000000e+01  -8.8458000e+01
   3.0075000e-02  -2.7000000e+01  -9.0182000e+01
   3.0075000e-02  -2.4000000e+01  -9.1741000e+01
   3.0075000e-02  -2.1000000e+01  -9.3132000e+01
   3.0075000e-02  -1.8000000e+01  -9.4355000e+01
   3.0075000e-02  -1.5000000e+01  -9.5408000e+01
   3.0075000e-02  -1.2000000e+01  -9.6290000e+01
   3.0075000e-02  -9.0000000e+00  -9.7001000e+01
   3.0075000e-02  -6.0000000e+00  -9.7540000e+01
   3.0075000e-02  -3.0000000e+00  -9.7906000e+01
   3.0075000e-02  -2.2204000e-15  -9.8099000e+01
   3.0075000e-02   3.0000000e+00  -9.8119000e+01
   3.0075000e-02   6.0000000e+00  -9.7967000e+01
   3.0075000e-02   9.0000000e+00  -9.7642000e+01
   3.0075000e-02   1.2000000e+01  -9.7145000e+01
   3.0075000e-02   1.5000000e+01  -9.6478000e+01
   3.0075000e-02   1.8000000e+01  -9.5640000e+01
   3.0075000e-02   2.1000000e+01  -9.4634000e+01
   3.0075000e-02   2.4000000e+01  -9.3460000e+01
   3.0075000e-02   2.7000000e+01  -9.2120000e+01
   3.0075000e-02   3.0000000e+01  -9.0616000e+01
   3.2060000e-02  -3.0000000e+01  -8.9069000e+01
   3.2060000e-02  -2.7000000e+01  -9.0920000e+01
   3.2060000e-02  -2.4000000e+01  -9.2594000e+01
   3.2060000e-02  -2.1000000e+01  -9.4088000e+01
   3.2060000e-02  -1.8000000e+01  -9.5403000e+01
   3.2060000e-02  -1.5000000e+01  -9.6536000e+01
   3.2060000e-02  -1.2000000e+01  -9.7488000e+01
   3.2060000e-02  -9.0000000e+00  -9.8256000e+01
   3.2060000e-02  -6.0000000e+00  -9.8841000e+01
   3.2060000e-02  -3.0000000e+00  -9.9242000e+01
   3.2060000e-02  -2.2204000e-15  -9.9458000e+01
   3.2060000e-02   3.0000000e+00  -9.9491000e+01
   3.2060000e-02   6.0000000e+00  -9.9341000e+01
   3.2060000e-02   9.0000000e+00  -9.9007000e+01
   3.2060000e-02   1.2000000e+01  -9.8490000e+01
   3.2060000e-02   1.5000000e+01  -9.7791000e+01
   3.2060000e-02   1.8000000e+01  -9.6911000e+01
   3.2060000e-02   2.1000000e+01  -9.5852000e+01
   3.2060000e-02   2.4000000e+01  -9.4614000e+01
   3.2060000e-02   2.7000000e+01  -9.3199000e+01
   3.2060000e-02   3.0000000e+01  -9.1609000e+01
   3.4045000e-02  -3.0000000e+01  -8.9414000e+01
   3.4045000e-02  -2.7000000e+01  -9.1397000e+01
   3.4045000e-02  -2.4000000e+01  -9.3190000e+01
   3.4045000e-02  -2.1000000e+01  -9.4793000e+01
   3.4045000e-02  -1.8000000e+01  -9.6203000e+01
   3.4045000e-02  -1.5000000e+01  -9.7419000e+01
   3.4045000e-02  -1.2000000e+01  -9.8442000e+01
   3.4045000e-02  -9.0000000e+00  -9.9269000e+01
   3.4045000e-02  -6.0000000e+00  -9.9902000e+01
   3.4045000e-02  -3.0000000e+00  -1.0034000e+02
   3.4045000e-02  -2.2204000e-15  -1.0058000e+02
   3.4045000e-02   3.0000000e+00  -1.0063000e+02
   3.4045000e-02   6.0000000e+00  -1.0048000e+02
   3.4045000e-02   9.0000000e+00  -1.0014000e+02
   3.4045000e-02   1.2000000e+01  -9.9600000e+01
   3.4045000e-02   1.5000000e+01  -9.8870000e+01
   3.4045000e-02   1.8000000e+01  -9.7947000e+01
   3.4045000e-02   2.1000000e+01  -9.6834000e+01
   3.4045000e-02   2.4000000e+01  -9.5531000e+01
   3.4045000e-02   2.7000000e+01  -9.4040000e+01
   3.4045000e-02   3.0000000e+01  -9.2362000e+01
   3.6030000e-02  -3.0000000e+01  -8.9483000e+01
   3.6030000e-02  -2.7000000e+01  -9.1605000e+01
   3.6030000e-02  -2.4000000e+01  -9.3523000e+01
   3.6030000e-02  -2.1000000e+01  -9.5237000e+01
   3.6030000e-02  -1.8000000e+01  -9.6746000e+01
   3.6030000e-02  -1.5000000e+01  -9.8050000e+01
   3.6030000e-02  -1.2000000e+01  -9.9146000e+01
   3.6030000e-02  -9.0000000e+00  -1.0004000e+02
   3.6030000e-02  -6.0000000e+00  -1.0072000e+02
   3.6030000e-02  -3.0000000e+00  -1.0120000e+02
   3.6030000e-02  -2.2204000e-15  -1.0146000e+02
   3.6030000e-02   3.0000000e+00  -1.0153000e+02
   3.6030000e-02   6.0000000e+00  -1.0138000e+02
   3.6030000e-02   9.0000000e+00  -1.0103000e+02
   3.6030000e-02   1.2000000e+01  -1.0047000e+02
   3.6030000e-02   1.5000000e+01  -9.9709000e+01
   3.6030000e-02   1.8000000e+01  -9.8743000e+01
   3.6030000e-02   2.1000000e+01  -9.7575000e+01
   3.6030000e-02   2.4000000e+01  -9.6206000e+01
   3.6030000e-02   2.7000000e+01  -9.4637000e+01
   3.6030000e-02   3.0000000e+01  -9.2870000e+01
   3.8015000e-02  -3.0000000e+01  -8.9264000e+01
   3.8015000e-02  -2.7000000e+01  -9.1531000e+01
   3.8015000e-02  -2.4000000e+01  -9.3581000e+01
   3.8015000e-02  -2.1000000e+01  -9.5412000e+01
   3.8015000e-02  -1.8000000e+01  -9.7026000e+01
   3.8015000e-02  -1.5000000e+01  -9.8420000e+01
   3.8015000e-02  -1.2000000e+01  -9.9595000e+01
   3.8015000e-02  -9.0000000e+00  -1.0055000e+02
   3.8015000e-02  -6.0000000e+00  -1.0129000e+02
   3.8015000e-02  -3.0000000e+00  -1.0180000e+02
   3.8015000e-02  -2.2204000e-15  -1.0210000e+02
   3.8015000e-02   3.0000000e+00  -1.0218000e+02
   3.8015000e-02   6.0000000e+00  -1.0203000e+02
   3.8015000e-02   9.0000000e+00  -1.0167000e+02
   3.8015000e-02   1.2000000e+01  -1.0110000e+02
   3.8015000e-02   1.5000000e+01  -1.0030000e+02
   3.8015000e-02   1.8000000e+01  -9.9292000e+01
   3.8015000e-02   2.1000000e+01  -9.8068000e+01
   3.8015000e-02   2.4000000e+01  -9.6630000e+01
   3.8015000e-02   2.7000000e+01  -9.4981000e+01
   3.8015000e-02   3.0000000e+01  -9.3122000e+01
   4.0000000e-02  -3.0000000e+01  -8.8742000e+01
   4.0000000e-02  -2.7000000e+01  -9.1163000e+01
   4.0000000e-02  -2.4000000e+01  -9.3351000e+01
   4.0000000e-02  -2.1000000e+01  -9.5307000e+01
   4.0000000e-02  -1.8000000e+01  -9.7030000e+01
   4.0000000e-02  -1.5000000e+01  -9.8520000e+01
   4.0000000e-02  -1.2000000e+01  -9.9777000e+01
   4.0000000e-02  -9.0000000e+00  -1.0080000e+02
   4.0000000e-02  -6.0000000e+00  -1.0159000e+02
   4.0000000e-02  -3.0000000e+00  -1.0215000e+02
   4.0000000e-02  -2.2204000e-15  -1.0248000e+02
   4.0000000e-02   3.0000000e+00  -1.0257000e+02
   4.0000000e-02   6.0000000e+00  -1.0243000e+02
   4.0000000e-02   9.0000000e+00  -1.0207000e+02
   4.0000000e-02   1.2000000e+01  -1.0147000e+02
   4.0000000e-02   1.5000000e+01  -1.0064000e+02
   4.0000000e-02   1.8000000e+01  -9.9586000e+01
   4.0000000e-02   2.1000000e+01  -9.8304000e+01
   4.0000000e-02   2.4000000e+01  -9.6796000e+01
   4.0000000e-02   2.7000000e+01  -9.5063000e+01
   4.0000000e-02   3.0000000e+01  -9.3108000e+01
