   3.0000000e-04  -3.0000000e+01  -2.2957000e-02
   3.0000000e-04  -2.7000000e+01  -9.3320000e-03
   3.0000000e-04  -2.4000000e+01   2.2654000e-03
   3.0000000e-04  -2.1000000e+01   1.1844000e-02
   3.0000000e-04  -1.8000000e+01   1.9416000e-02
   3.0000000e-04  -1.5000000e+01   2.4995000e-02
   3.0000000e-04  -1.2000000e+01   2.8596000e-02
   3.0000000e-04  -9.0000000e+00   3.0236000e-02
   3.0000000e-04  -6.0000000e+00   2.9935000e-02
   3.0000000e-04  -3.0000000e+00   2.7711000e-02
   3.0000000e-04  -2.2204000e-15   2.3586000e-02
   3.0000000e-04   3.0000000e+00   1.7582000e-02
   3.0000000e-04   6.0000000e+00   9.7214000e-03
   3.0000000e-04   9.0000000e+00   2.7693000e-05
   3.0000000e-04   1.2000000e+01  -1.1474000e-02
   3.0000000e-04   1.5000000e+01  -2.4759000e-02
   3.0000000e-04   1.8000000e+01  -3.9800000e-02
   3.0000000e-04   2.1000000e+01  -5.6569000e-02
   3.0000000e-04   2.4000000e+01  -7.5035000e-02
   3.0000000e-04   2.7000000e+01  -9.5169000e-02
   3.0000000e-04   3.0000000e+01  -1.1693000e-01
   2.2850000e-03  -3.0000000e+01   2.0160000e+00
   2.2850000e-03  -2.7000000e+01   2.0272000e+00
   2.2850000e-03  -2.4000000e+01   2.0339000e+00
   2.2850000e-03  -2.1000000e+01   2.0365000e+00
   2.2850000e-03  -1.8000000e+01   2.0352000e+00
   2.2850000e-03  -1.5000000e+01   2.0305000e+00
   2.2850000e-03  -1.2000000e+01   2.0224000e+00
   2.2850000e-03  -9.0000000e+00   2.0113000e+00
   2.2850000e-03  -6.0000000e+00   1.9973000e+00
   2.2850000e-03  -3.0000000e+00   1.9805000e+00
   2.2850000e-03  -2.2204000e-15   1.9610000e+00
   2.2850000e-03   3.0000000e+00   1.9388000e+00
   2.2850000e-03   6.0000000e+00   1.9140000e+00
   2.2850000e-03   9.0000000e+00   1.8865000e+00
   2.2850000e-03   1.2000000e+01   1.8563000e+00
   2.2850000e-03   1.5000000e+01   1.8234000e+00
   2.2850000e-03   1.8000000e+01   1.7875000e+00
   2.2850000e-03   2.1000000e+01   1.7485000e+00
   2.2850000e-03   2.4000000e+01   1.7062000e+00
   2.2850000e-03   2.7000000e+01   1.6604000e+00
   2.2850000e-03   3.0000000e+01   1.6108000e+00
   4.2700000e-03  -3.0000000e+01   2.3684000e+00
   4.2700000e-03  -2.7000000e+01   2.3766000e+00
   4.2700000e-03  -2.4000000e+01   2.3806000e+00
   4.2700000e-03  -2.1000000e+01   2.3810000e+00
   4.2700000e-03  -1.8000000e+01   2.3781000e+00
   4.2700000e-03  -1.5000000e+01   2.3723000e+00
   4.2700000e-03  -1.2000000e+01   2.3638000e+00
   4.2700000e-03  -9.0000000e+00   2.3529000e+00
   4.2700000e-03  -6.0000000e+00   2.3396000e+00
   4.2700000e-03  -3.0000000e+00   2.3243000e+00
   4.2700000e-03  -2.2204000e-15   2.3069000e+00
   4.2700000e-03   3.0000000e+00   2.2875000e+00
   4.2700000e-03   6.0000000e+00   2.2661000e+00
   4.2700000e-03   9.0000000e+00   2.2426000e+00
   4.2700000e-03   1.2000000e+01   2.2171000e+00
   4.2700000e-03   1.5000000e+01   2.1894000e+00
   4.2700000e-03   1.8000000e+01   2.1594000e+00
   4.2700000e-03   2.1000000e+01   2.1269000e+00
   4.2700000e-03   2.4000000e+01   2.0916000e+00
   4.2700000e-03   2.7000000e+01   2.0532000e+00
   4.2700000e-03   3.0000000e+01   2.0114000e+00
   6.2550000e-03  -3.0000000e+01   2.3631000e+00
   6.2550000e-03  -2.7000000e+01   2.3756000e+00
   6.2550000e-03  -2.4000000e+01   2.3839000e+00
   6.2550000e-03  -2.1000000e+01   2.3886000e+00
   6.2550000e-03  -1.8000000e+01   2.3901000e+00
   6.2550000e-03  -1.5000000e+01   2.3886000e+00
   6.2550000e-03  -1.2000000e+01   2.3845000e+00
   6.2550000e-03  -9.0000000e+00   2.3781000e+00
   6.2550000e-03  -6.0000000e+00   2.3694000e+00
   6.2550000e-03  -3.0000000e+00   2.3587000e+00
   6.2550000e-03  -2.2204000e-15   2.3461000e+00
   6.2550000e-03   3.0000000e+00   2.3317000e+00
   6.2550000e-03   6.0000000e+00   2.3154000e+00
   6.2550000e-03   9.0000000e+00   2.2972000e+00
   6.2550000e-03   1.2000000e+01   2.2771000e+00
   6.2550000e-03   1.5000000e+01   2.2550000e+00
   6.2550000e-03   1.8000000e+01   2.2308000e+00
   6.2550000e-03   2.1000000e+01   2.2042000e+00
   6.2550000e-03   2.4000000e+01   2.1751000e+00
   6.2550000e-03   2.7000000e+01   2.1431000e+00
   6.2550000e-03   3.0000000e+01   2.1079000e+00
   8.2400000e-03  -3.0000000e+01   2.2355000e+00
   8.2400000e-03  -2.7000000e+01   2.2587000e+00
   8.2400000e-03  -2.4000000e+01   2.2781000e+00
   8.2400000e-03  -2.1000000e+01   2.2890000e+00
   8.2400000e-03  -1.8000000e+01   2.2966000e+00
   8.2400000e-03  -1.5000000e+01   2.3011000e+00
   8.2400000e-03  -1.2000000e+01   2.3028000e+00
   8.2400000e-03  -9.0000000e+00   2.3021000e+00
   8.2400000e-03  -6.0000000e+00   2.2992000e+00
   8.2400000e-03  -3.0000000e+00   2.2942000e+00
   8.2400000e-03  -2.2204000e-15   2.2873000e+00
   8.2400000e-03   3.0000000e+00   2.2785000e+00
   8.2400000e-03   6.0000000e+00   2.2679000e+00
   8.2400000e-03   9.0000000e+00   2.2555000e+00
   8.2400000e-03   1.2000000e+01   2.2414000e+00
   8.2400000e-03   1.5000000e+01   2.2254000e+00
   8.2400000e-03   1.8000000e+01   2.2074000e+00
   8.2400000e-03   2.1000000e+01   2.1874000e+00
   8.2400000e-03   2.4000000e+01   2.1651000e+00
   8.2400000e-03   2.7000000e+01   2.1402000e+00
   8.2400000e-03   3.0000000e+01   2.1125000e+00
   1.0225000e-02  -3.0000000e+01   2.0456000e+00
   1.0225000e-02  -2.7000000e+01   2.0735000e+00
   1.0225000e-02  -2.4000000e+01   2.0978000e+00
   1.0225000e-02  -2.1000000e+01   2.1189000e+00
   1.0225000e-02  -1.8000000e+01   2.1373000e+00
   1.0225000e-02  -1.5000000e+01   2.1534000e+00
   1.0225000e-02  -1.2000000e+01   2.1675000e+00
   1.0225000e-02  -9.0000000e+00   2.1798000e+00
   1.0225000e-02  -6.0000000e+00   2.1861000e+00
   1.0225000e-02  -3.0000000e+00   2.1867000e+00
   1.0225000e-02  -2.2204000e-15   2.1853000e+00
   1.0225000e-02   3.0000000e+00   2.1819000e+00
   1.0225000e-02   6.0000000e+00   2.1768000e+00
   1.0225000e-02   9.0000000e+00   2.1700000e+00
   1.0225000e-02   1.2000000e+01   2.1614000e+00
   1.0225000e-02   1.5000000e+01   2.1511000e+00
   1.0225000e-02   1.8000000e+01   2.1390000e+00
   1.0225000e-02   2.1000000e+01   2.1250000e+00
   1.0225000e-02   2.4000000e+01   2.1090000e+00
   1.0225000e-02   2.7000000e+01   2.0908000e+00
   1.0225000e-02   3.0000000e+01   2.0702000e+00
   1.2210000e-02  -3.0000000e+01   1.8446000e+00
   1.2210000e-02  -2.7000000e+01   1.8763000e+00
   1.2210000e-02  -2.4000000e+01   1.9044000e+00
   1.2210000e-02  -2.1000000e+01   1.9292000e+00
   1.2210000e-02  -1.8000000e+01   1.9513000e+00
   1.2210000e-02  -1.5000000e+01   1.9708000e+00
   1.2210000e-02  -1.2000000e+01   1.9881000e+00
   1.2210000e-02  -9.0000000e+00   2.0037000e+00
   1.2210000e-02  -6.0000000e+00   2.0176000e+00
   1.2210000e-02  -3.0000000e+00   2.0301000e+00
   1.2210000e-02  -2.2204000e-15   2.0413000e+00
   1.2210000e-02   3.0000000e+00   2.0513000e+00
   1.2210000e-02   6.0000000e+00   2.0603000e+00
   1.2210000e-02   9.0000000e+00   2.0589000e+00
   1.2210000e-02   1.2000000e+01   2.0550000e+00
   1.2210000e-02   1.5000000e+01   2.0493000e+00
   1.2210000e-02   1.8000000e+01   2.0418000e+00
   1.2210000e-02   2.1000000e+01   2.0325000e+00
   1.2210000e-02   2.4000000e+01   2.0213000e+00
   1.2210000e-02   2.7000000e+01   2.0080000e+00
   1.2210000e-02   3.0000000e+01   1.9924000e+00
   1.4195000e-02  -3.0000000e+01   1.6251000e+00
   1.4195000e-02  -2.7000000e+01   1.6580000e+00
   1.4195000e-02  -2.4000000e+01   1.6873000e+00
   1.4195000e-02  -2.1000000e+01   1.7134000e+00
   1.4195000e-02  -1.8000000e+01   1.7367000e+00
   1.4195000e-02  -1.5000000e+01   1.7576000e+00
   1.4195000e-02  -1.2000000e+01   1.7765000e+00
   1.4195000e-02  -9.0000000e+00   1.7935000e+00
   1.4195000e-02  -6.0000000e+00   1.8089000e+00
   1.4195000e-02  -3.0000000e+00   1.8229000e+00
   1.4195000e-02  -2.2204000e-15   1.8357000e+00
   1.4195000e-02   3.0000000e+00   1.8472000e+00
   1.4195000e-02   6.0000000e+00   1.8577000e+00
   1.4195000e-02   9.0000000e+00   1.8670000e+00
   1.4195000e-02   1.2000000e+01   1.8753000e+00
   1.4195000e-02   1.5000000e+01   1.8823000e+00
   1.4195000e-02   1.8000000e+01   1.8881000e+00
   1.4195000e-02   2.1000000e+01   1.8857000e+00
   1.4195000e-02   2.4000000e+01   1.8784000e+00
   1.4195000e-02   2.7000000e+01   1.8690000e+00
   1.4195000e-02   3.0000000e+01   1.8573000e+00
   1.6180000e-02  -3.0000000e+01   1.4249000e+00
   1.6180000e-02  -2.7000000e+01   1.4586000e+00
   1.6180000e-02  -2.4000000e+01   1.4886000e+00
   1.6180000e-02  -2.1000000e+01   1.5155000e+00
   1.6180000e-02  -1.8000000e+01   1.5396000e+00
   1.6180000e-02  -1.5000000e+01   1.5612000e+00
   1.6180000e-02  -1.2000000e+01   1.5807000e+00
   1.6180000e-02  -9.0000000e+00   1.5984000e+00
   1.6180000e-02  -6.0000000e+00   1.6144000e+00
   1.6180000e-02  -3.0000000e+00   1.6289000e+00
   1.6180000e-02  -2.2204000e-15   1.6420000e+00
   1.6180000e-02   3.0000000e+00   1.6540000e+00
   1.6180000e-02   6.0000000e+00   1.6647000e+00
   1.6180000e-02   9.0000000e+00   1.6743000e+00
   1.6180000e-02   1.2000000e+01   1.6827000e+00
   1.6180000e-02   1.5000000e+01   1.6898000e+00
   1.6180000e-02   1.8000000e+01   1.6956000e+00
   1.6180000e-02   2.1000000e+01   1.6999000e+00
   1.6180000e-02   2.4000000e+01   1.7023000e+00
   1.6180000e-02   2.7000000e+01   1.7027000e+00
   1.6180000e-02   3.0000000e+01   1.7006000e+00
   1.8165000e-02  -3.0000000e+01   1.2440000e+00
   1.8165000e-02  -2.7000000e+01   1.2782000e+00
   1.8165000e-02  -2.4000000e+01   1.3087000e+00
   1.8165000e-02  -2.1000000e+01   1.3360000e+00
   1.8165000e-02  -1.8000000e+01   1.3605000e+00
   1.8165000e-02  -1.5000000e+01   1.3826000e+00
   1.8165000e-02  -1.2000000e+01   1.4024000e+00
   1.8165000e-02  -9.0000000e+00   1.4203000e+00
   1.8165000e-02  -6.0000000e+00   1.4365000e+00
   1.8165000e-02  -3.0000000e+00   1.4511000e+00
   1.8165000e-02  -2.2204000e-15   1.4643000e+00
   1.8165000e-02   3.0000000e+00   1.4761000e+00
   1.8165000e-02   6.0000000e+00   1.4867000e+00
   1.8165000e-02   9.0000000e+00   1.4959000e+00
   1.8165000e-02   1.2000000e+01   1.5039000e+00
   1.8165000e-02   1.5000000e+01   1.5105000e+00
   1.8165000e-02   1.8000000e+01   1.5156000e+00
   1.8165000e-02   2.1000000e+01   1.5191000e+00
   1.8165000e-02   2.4000000e+01   1.5206000e+00
   1.8165000e-02   2.7000000e+01   1.5198000e+00
   1.8165000e-02   3.0000000e+01   1.5164000e+00
   2.0150000e-02  -3.0000000e+01   1.0813000e+00
   2.0150000e-02  -2.7000000e+01   1.1156000e+00
   2.0150000e-02  -2.4000000e+01   1.1463000e+00
   2.0150000e-02  -2.1000000e+01   1.1739000e+00
   2.0150000e-02  -1.8000000e+01   1.1986000e+00
   2.0150000e-02  -1.5000000e+01   1.2208000e+00
   2.0150000e-02  -1.2000000e+01   1.2408000e+00
   2.0150000e-02  -9.0000000e+00   1.2587000e+00
   2.0150000e-02  -6.0000000e+00   1.2749000e+00
   2.0150000e-02  -3.0000000e+00   1.2893000e+00
   2.0150000e-02  -2.2204000e-15   1.3023000e+00
   2.0150000e-02   3.0000000e+00   1.3137000e+00
   2.0150000e-02   6.0000000e+00   1.3238000e+00
   2.0150000e-02   9.0000000e+00   1.3325000e+00
   2.0150000e-02   1.2000000e+01   1.3398000e+00
   2.0150000e-02   1.5000000e+01   1.3455000e+00
   2.0150000e-02   1.8000000e+01   1.3496000e+00
   2.0150000e-02   2.1000000e+01   1.3519000e+00
   2.0150000e-02   2.4000000e+01   1.3520000e+00
   2.0150000e-02   2.7000000e+01   1.3498000e+00
   2.0150000e-02   3.0000000e+01   1.3447000e+00
   2.2135000e-02  -3.0000000e+01   9.3480000e-01
   2.2135000e-02  -2.7000000e+01   9.6915000e-01
   2.2135000e-02  -2.4000000e+01   9.9996000e-01
   2.2135000e-02  -2.1000000e+01   1.0276000e+00
   2.2135000e-02  -1.8000000e+01   1.0524000e+00
   2.2135000e-02  -1.5000000e+01   1.0746000e+00
   2.2135000e-02  -1.2000000e+01   1.0945000e+00
   2.2135000e-02  -9.0000000e+00   1.1123000e+00
   2.2135000e-02  -6.0000000e+00   1.1283000e+00
   2.2135000e-02  -3.0000000e+00   1.1425000e+00
   2.2135000e-02  -2.2204000e-15   1.1550000e+00
   2.2135000e-02   3.0000000e+00   1.1660000e+00
   2.2135000e-02   6.0000000e+00   1.1755000e+00
   2.2135000e-02   9.0000000e+00   1.1834000e+00
   2.2135000e-02   1.2000000e+01   1.1898000e+00
   2.2135000e-02   1.5000000e+01   1.1945000e+00
   2.2135000e-02   1.8000000e+01   1.1975000e+00
   2.2135000e-02   2.1000000e+01   1.1985000e+00
   2.2135000e-02   2.4000000e+01   1.1972000e+00
   2.2135000e-02   2.7000000e+01   1.1933000e+00
   2.2135000e-02   3.0000000e+01   1.1865000e+00
   2.4120000e-02  -3.0000000e+01   8.0285000e-01
   2.4120000e-02  -2.7000000e+01   8.3707000e-01
   2.4120000e-02  -2.4000000e+01   8.6780000e-01
   2.4120000e-02  -2.1000000e+01   8.9538000e-01
   2.4120000e-02  -1.8000000e+01   9.2009000e-01
   2.4120000e-02  -1.5000000e+01   9.4223000e-01
   2.4120000e-02  -1.2000000e+01   9.6201000e-01
   2.4120000e-02  -9.0000000e+00   9.7965000e-01
   2.4120000e-02  -6.0000000e+00   9.9532000e-01
   2.4120000e-02  -3.0000000e+00   1.0092000e+00
   2.4120000e-02  -2.2204000e-15   1.0212000e+00
   2.4120000e-02   3.0000000e+00   1.0317000e+00
   2.4120000e-02   6.0000000e+00   1.0405000e+00
   2.4120000e-02   9.0000000e+00   1.0476000e+00
   2.4120000e-02   1.2000000e+01   1.0531000e+00
   2.4120000e-02   1.5000000e+01   1.0568000e+00
   2.4120000e-02   1.8000000e+01   1.0585000e+00
   2.4120000e-02   2.1000000e+01   1.0582000e+00
   2.4120000e-02   2.4000000e+01   1.0555000e+00
   2.4120000e-02   2.7000000e+01   1.0500000e+00
   2.4120000e-02   3.0000000e+01   1.0414000e+00
   2.6105000e-02  -3.0000000e+01   6.8368000e-01
   2.6105000e-02  -2.7000000e+01   7.1766000e-01
   2.6105000e-02  -2.4000000e+01   7.4822000e-01
   2.6105000e-02  -2.1000000e+01   7.7565000e-01
   2.6105000e-02  -1.8000000e+01   8.0022000e-01
   2.6105000e-02  -1.5000000e+01   8.2219000e-01
   2.6105000e-02  -1.2000000e+01   8.4177000e-01
   2.6105000e-02  -9.0000000e+00   8.5916000e-01
   2.6105000e-02  -6.0000000e+00   8.7451000e-01
   2.6105000e-02  -3.0000000e+00   8.8794000e-01
   2.6105000e-02  -2.2204000e-15   8.9955000e-01
   2.6105000e-02   3.0000000e+00   9.0941000e-01
   2.6105000e-02   6.0000000e+00   9.1752000e-01
   2.6105000e-02   9.0000000e+00   9.2388000e-01
   2.6105000e-02   1.2000000e+01   9.2844000e-01
   2.6105000e-02   1.5000000e+01   9.3109000e-01
   2.6105000e-02   1.8000000e+01   9.3170000e-01
   2.6105000e-02   2.1000000e+01   9.3007000e-01
   2.6105000e-02   2.4000000e+01   9.2594000e-01
   2.6105000e-02   2.7000000e+01   9.1898000e-01
   2.6105000e-02   3.0000000e+01   9.0881000e-01
   2.8090000e-02  -3.0000000e+01   5.7574000e-01
   2.8090000e-02  -2.7000000e+01   6.0941000e-01
   2.8090000e-02  -2.4000000e+01   6.3971000e-01
   2.8090000e-02  -2.1000000e+01   6.6692000e-01
   2.8090000e-02  -1.8000000e+01   6.9129000e-01
   2.8090000e-02  -1.5000000e+01   7.1304000e-01
   2.8090000e-02  -1.2000000e+01   7.3238000e-01
   2.8090000e-02  -9.0000000e+00   7.4948000e-01
   2.8090000e-02  -6.0000000e+00   7.6448000e-01
   2.8090000e-02  -3.0000000e+00   7.7750000e-01
   2.8090000e-02  -2.2204000e-15   7.8862000e-01
   2.8090000e-02   3.0000000e+00   7.9790000e-01
   2.8090000e-02   6.0000000e+00   8.0534000e-01
   2.8090000e-02   9.0000000e+00   8.1093000e-01
   2.8090000e-02   1.2000000e+01   8.1461000e-01
   2.8090000e-02   1.5000000e+01   8.1629000e-01
   2.8090000e-02   1.8000000e+01   8.1582000e-01
   2.8090000e-02   2.1000000e+01   8.1299000e-01
   2.8090000e-02   2.4000000e+01   8.0757000e-01
   2.8090000e-02   2.7000000e+01   7.9923000e-01
   2.8090000e-02   3.0000000e+01   7.8759000e-01
   3.0075000e-02  -3.0000000e+01   4.7769000e-01
   3.0075000e-02  -2.7000000e+01   5.1096000e-01
   3.0075000e-02  -2.4000000e+01   5.4095000e-01
   3.0075000e-02  -2.1000000e+01   5.6789000e-01
   3.0075000e-02  -1.8000000e+01   5.9201000e-01
   3.0075000e-02  -1.5000000e+01   6.1351000e-01
   3.0075000e-02  -1.2000000e+01   6.3257000e-01
   3.0075000e-02  -9.0000000e+00   6.4936000e-01
   3.0075000e-02  -6.0000000e+00   6.6400000e-01
   3.0075000e-02  -3.0000000e+00   6.7661000e-01
   3.0075000e-02  -2.2204000e-15   6.8724000e-01
   3.0075000e-02   3.0000000e+00   6.9596000e-01
   3.0075000e-02   6.0000000e+00   7.0276000e-01
   3.0075000e-02   9.0000000e+00   7.0762000e-01
   3.0075000e-02   1.2000000e+01   7.1048000e-01
   3.0075000e-02   1.5000000e+01   7.1125000e-01
   3.0075000e-02   1.8000000e+01   7.0977000e-01
   3.0075000e-02   2.1000000e+01   7.0586000e-01
   3.0075000e-02   2.4000000e+01   6.9926000e-01
   3.0075000e-02   2.7000000e+01   6.8968000e-01
   3.0075000e-02   3.0000000e+01   6.7674000e-01
   3.2060000e-02  -3.0000000e+01   3.8833000e-01
   3.2060000e-02  -2.7000000e+01   4.2115000e-01
   3.2060000e-02  -2.4000000e+01   4.5077000e-01
   3.2060000e-02  -2.1000000e+01   4.7740000e-01
   3.2060000e-02  -1.8000000e+01   5.0123000e-01
   3.2060000e-02  -1.5000000e+01   5.2245000e-01
   3.2060000e-02  -1.2000000e+01   5.4122000e-01
   3.2060000e-02  -9.0000000e+00   5.5769000e-01
   3.2060000e-02  -6.0000000e+00   5.7198000e-01
   3.2060000e-02  -3.0000000e+00   5.8417000e-01
   3.2060000e-02  -2.2204000e-15   5.9434000e-01
   3.2060000e-02   3.0000000e+00   6.0251000e-01
   3.2060000e-02   6.0000000e+00   6.0871000e-01
   3.2060000e-02   9.0000000e+00   6.1289000e-01
   3.2060000e-02   1.2000000e+01   6.1500000e-01
   3.2060000e-02   1.5000000e+01   6.1493000e-01
   3.2060000e-02   1.8000000e+01   6.1254000e-01
   3.2060000e-02   2.1000000e+01   6.0764000e-01
   3.2060000e-02   2.4000000e+01   6.0000000e-01
   3.2060000e-02   2.7000000e+01   5.8932000e-01
   3.2060000e-02   3.0000000e+01   5.7525000e-01
   3.4045000e-02  -3.0000000e+01   3.0662000e-01
   3.4045000e-02  -2.7000000e+01   3.3896000e-01
   3.4045000e-02  -2.4000000e+01   3.6818000e-01
   3.4045000e-02  -2.1000000e+01   3.9446000e-01
   3.4045000e-02  -1.8000000e+01   4.1797000e-01
   3.4045000e-02  -1.5000000e+01   4.3889000e-01
   3.4045000e-02  -1.2000000e+01   4.5736000e-01
   3.4045000e-02  -9.0000000e+00   4.7350000e-01
   3.4045000e-02  -6.0000000e+00   4.8743000e-01
   3.4045000e-02  -3.0000000e+00   4.9923000e-01
   3.4045000e-02  -2.2204000e-15   5.0895000e-01
   3.4045000e-02   3.0000000e+00   5.1662000e-01
   3.4045000e-02   6.0000000e+00   5.2225000e-01
   3.4045000e-02   9.0000000e+00   5.2580000e-01
   3.4045000e-02   1.2000000e+01   5.2722000e-01
   3.4045000e-02   1.5000000e+01   5.2639000e-01
   3.4045000e-02   1.8000000e+01   5.2318000e-01
   3.4045000e-02   2.1000000e+01   5.1740000e-01
   3.4045000e-02   2.4000000e+01   5.0883000e-01
   3.4045000e-02   2.7000000e+01   4.9719000e-01
   3.4045000e-02   3.0000000e+01   4.8214000e-01
   3.6030000e-02  -3.0000000e+01   2.3169000e-01
   3.6030000e-02  -2.7000000e+01   2.6350000e-01
   3.6030000e-02  -2.4000000e+01   2.9229000e-01
   3.6030000e-02  -2.1000000e+01   3.1819000e-01
   3.6030000e-02  -1.8000000e+01   3.4138000e-01
   3.6030000e-02  -1.5000000e+01   3.6198000e-01
   3.6030000e-02  -1.2000000e+01   3.8013000e-01
   3.6030000e-02  -9.0000000e+00   3.9595000e-01
   3.6030000e-02  -6.0000000e+00   4.0953000e-01
   3.6030000e-02  -3.0000000e+00   4.2094000e-01
   3.6030000e-02  -2.2204000e-15   4.3023000e-01
   3.6030000e-02   3.0000000e+00   4.3744000e-01
   3.6030000e-02   6.0000000e+00   4.4254000e-01
   3.6030000e-02   9.0000000e+00   4.4552000e-01
   3.6030000e-02   1.2000000e+01   4.4630000e-01
   3.6030000e-02   1.5000000e+01   4.4479000e-01
   3.6030000e-02   1.8000000e+01   4.4084000e-01
   3.6030000e-02   2.1000000e+01   4.3428000e-01
   3.6030000e-02   2.4000000e+01   4.2490000e-01
   3.6030000e-02   2.7000000e+01   4.1243000e-01
   3.6030000e-02   3.0000000e+01   3.9657000e-01
   3.8015000e-02  -3.0000000e+01   1.6275000e-01
   3.8015000e-02  -2.7000000e+01   1.9402000e-01
   3.8015000e-02  -2.4000000e+01   2.2234000e-01
   3.8015000e-02  -2.1000000e+01   2.4785000e-01
   3.8015000e-02  -1.8000000e+01   2.7069000e-01
   3.8015000e-02  -1.5000000e+01   2.9096000e-01
   3.8015000e-02  -1.2000000e+01   3.0880000e-01
   3.8015000e-02  -9.0000000e+00   3.2429000e-01
   3.8015000e-02  -6.0000000e+00   3.3753000e-01
   3.8015000e-02  -3.0000000e+00   3.4857000e-01
   3.8015000e-02  -2.2204000e-15   3.5747000e-01
   3.8015000e-02   3.0000000e+00   3.6423000e-01
   3.8015000e-02   6.0000000e+00   3.6885000e-01
   3.8015000e-02   9.0000000e+00   3.7130000e-01
   3.8015000e-02   1.2000000e+01   3.7151000e-01
   3.8015000e-02   1.5000000e+01   3.6938000e-01
   3.8015000e-02   1.8000000e+01   3.6478000e-01
   3.8015000e-02   2.1000000e+01   3.5754000e-01
   3.8015000e-02   2.4000000e+01   3.4746000e-01
   3.8015000e-02   2.7000000e+01   3.3429000e-01
   3.8015000e-02   3.0000000e+01   3.1774000e-01
   4.0000000e-02  -3.0000000e+01   9.9137000e-02
   4.0000000e-02  -2.7000000e+01   1.2983000e-01
   4.0000000e-02  -2.4000000e+01   1.5768000e-01
   4.0000000e-02  -2.1000000e+01   1.8278000e-01
   4.0000000e-02  -1.8000000e+01   2.0525000e-01
   4.0000000e-02  -1.5000000e+01   2.2519000e-01
   4.0000000e-02  -1.2000000e+01   2.4271000e-01
   4.0000000e-02  -9.0000000e+00   2.5788000e-01
   4.0000000e-02  -6.0000000e+00   2.7079000e-01
   4.0000000e-02  -3.0000000e+00   2.8148000e-01
   4.0000000e-02  -2.2204000e-15   2.9000000e-01
   4.0000000e-02   3.0000000e+00   2.9636000e-01
   4.0000000e-02   6.0000000e+00   3.0054000e-01
   4.0000000e-02   9.0000000e+00   3.0251000e-01
   4.0000000e-02   1.2000000e+01   3.0220000e-01
   4.0000000e-02   1.5000000e+01   2.9952000e-01
   4.0000000e-02   1.8000000e+01   2.9434000e-01
   4.0000000e-02   2.1000000e+01   2.8651000e-01
   4.0000000e-02   2.4000000e+01   2.7582000e-01
   4.0000000e-02   2.7000000e+01   2.6206000e-01
   4.0000000e-02   3.0000000e+01   2.4495000e-01
